1547626186 1 0 0 0 0 0 0 0 0 0 0
1547809988 2 0 0 0 0 0 0 0 0 0 0
1547810063 3 0 0 0 0 0 0 0 0 0 0
1548001147 3 1 0 0 0 0 0 0 0 0 0
1548006988 3 2 0 0 0 0 0 0 0 0 0
1548010949 3 3 0 0 0 0 0 0 0 0 0
1548177650 4 3 0 0 0 0 0 0 0 0 0
1548177758 5 3 0 0 0 0 0 0 0 0 0
1548178127 6 3 0 0 0 0 0 0 0 0 0
1548178273 7 3 0 0 0 0 0 0 0 0 0
1548178758 8 3 0 0 0 0 0 0 0 0 0
1548187952 9 3 0 0 0 0 0 0 0 0 0
1548187984 10 3 0 0 0 0 0 0 0 0 0
1548187995 11 3 0 0 0 0 0 0 0 0 0
1548188022 12 3 0 0 0 0 0 0 0 0 0
1548188099 13 3 0 0 0 0 0 0 0 0 0
1548241019 13 4 0 0 0 0 0 0 0 0 0
1548250283 13 4 0 0 0 1 0 0 0 0 0
1548252162 14 4 0 0 0 1 0 0 0 0 0
1548252178 15 4 0 0 0 1 0 0 0 0 0
1548252293 16 4 0 0 0 1 0 0 0 0 0
1548252381 17 4 0 0 0 1 0 0 0 0 0
1548252961 18 4 0 0 0 1 0 0 0 0 0
1548253165 19 4 0 0 0 1 0 0 0 0 0
1548253673 20 4 0 0 0 1 0 0 0 0 0
1548256346 20 4 0 0 0 2 0 0 0 0 0
1548257636 20 4 0 0 0 3 0 0 0 0 0
1548284299 20 5 0 0 0 3 0 0 0 0 0
1548284385 20 6 0 0 0 3 0 0 0 0 0
1548284644 20 7 0 0 0 3 0 0 0 0 0
1548284754 20 8 0 0 0 3 0 0 0 0 0
1548284945 20 9 0 0 0 3 0 0 0 0 0
1548288917 20 10 0 0 0 3 0 0 0 0 0
1548289056 20 11 0 0 0 3 0 0 0 0 0
1548340339 21 11 0 0 0 3 0 0 0 0 0
1548369122 21 12 0 0 0 3 0 0 0 0 0
1548413061 21 13 0 0 0 3 0 0 0 0 0
1548427520 21 14 0 0 0 3 0 0 0 0 0
1548433564 21 14 0 0 0 4 0 0 0 0 0
1548511432 22 14 0 0 0 4 0 0 0 0 0
1548512640 23 14 0 0 0 4 0 0 0 0 0
1548512698 25 14 0 0 0 4 0 0 0 0 0
1548513095 26 14 0 0 0 4 0 0 0 0 0
1548513157 27 14 0 0 0 4 0 0 0 0 0
1548528400 28 14 0 0 0 4 0 0 0 0 0
1548528496 29 14 0 0 0 4 0 0 0 0 0
1548528835 30 14 0 0 0 4 0 0 0 0 0
1548529004 31 14 0 0 0 4 0 0 0 0 0
1548529894 32 14 0 0 0 4 0 0 0 0 0
1548530397 33 14 0 0 0 4 0 0 0 0 0
1548530460 34 14 0 0 0 4 0 0 0 0 0
1548530747 35 14 0 0 0 4 0 0 0 0 0
1548530847 36 14 0 0 0 4 0 0 0 0 0
1548592383 36 14 0 0 0 5 0 0 0 0 0
1548592955 36 14 0 0 0 6 0 0 0 0 0
1548598875 37 14 0 0 0 6 0 0 0 0 0
1548599604 38 14 0 0 0 6 0 0 0 0 0
1548600240 39 14 0 0 0 6 0 0 0 0 0
1548607442 39 14 0 0 0 7 0 0 0 0 0
1548610733 39 14 0 0 0 7 0 0 1 0 0
1548612037 39 14 0 0 0 7 0 0 2 0 0
1548615843 39 14 0 0 0 7 0 0 3 0 0
1548668511 39 14 0 0 0 8 0 0 3 0 0
1548668559 39 14 0 0 0 8 0 0 4 0 0
1548668850 40 14 0 0 0 9 0 0 4 0 0
1548677541 40 14 0 0 0 9 0 0 5 0 0
1548684167 40 14 0 0 0 10 0 0 5 0 0
1548688012 40 14 0 0 0 11 0 0 5 0 0
1548689290 40 14 0 0 0 12 0 0 5 0 0
1548689381 40 14 0 0 0 13 0 0 5 0 0
1548689471 40 14 0 0 0 14 0 0 5 0 0
1548762157 40 14 0 0 0 14 0 0 6 0 0
1548762532 40 14 0 0 0 14 0 1 6 0 0
1548855798 40 14 0 0 0 15 0 1 6 0 0
1548855937 41 14 0 0 0 15 0 1 6 0 0
1548856054 42 14 0 0 0 15 0 1 6 0 0
1548856333 43 14 0 0 0 15 0 1 6 0 0
1548873926 44 14 0 0 0 15 0 1 6 0 0
1548874103 45 14 0 0 0 15 0 1 6 0 0
1548874171 46 14 0 0 0 15 0 1 6 0 0
1548875612 47 14 0 0 0 15 0 1 6 0 0
1548876180 48 14 0 0 0 15 0 1 6 0 0
1548876613 49 14 0 0 0 15 0 1 6 0 0
1548877713 50 14 0 0 0 15 0 1 6 0 0
1548943506 50 14 0 0 0 15 0 2 6 0 0
1548950147 51 14 0 0 0 15 0 2 6 0 0
1548950174 52 14 0 0 0 15 0 2 6 0 0
1548951084 52 14 0 0 0 16 0 2 6 0 0
1548951262 52 14 0 0 0 17 0 2 6 0 0
1548951723 52 14 0 0 0 18 0 2 6 0 0
1548951858 52 14 0 0 0 19 0 2 6 0 0
1548952138 52 14 0 0 0 20 0 2 6 0 0
1548954497 53 14 0 0 0 20 0 2 6 0 0
1548957025 54 14 0 0 0 20 0 2 6 0 0
1549017728 54 14 0 0 0 20 0 3 6 0 0
1549019071 54 14 0 0 0 20 0 4 6 0 0
1549019866 54 14 0 0 0 20 0 5 6 0 0
1549023645 54 14 0 0 0 20 0 6 6 0 0
1549025199 54 14 1 0 0 20 0 6 6 0 0
1549025524 54 14 1 0 0 20 0 7 6 0 0
1549025719 54 14 2 0 0 20 0 7 6 0 0
1549026429 54 14 3 0 0 20 0 7 6 0 0
1549026523 54 14 3 0 0 20 0 7 6 1 0
1549026784 54 14 3 0 0 20 0 8 6 1 0
1549026909 54 14 3 0 0 20 1 8 6 1 0
1549027455 54 14 3 0 0 20 2 8 6 1 0
1549027702 54 14 3 0 0 20 3 8 6 1 0
1549027712 54 14 3 0 0 20 3 9 6 1 0
1549031532 54 14 4 0 0 20 3 9 6 1 0
1549033906 54 14 4 0 0 20 4 9 6 1 0
1549150032 54 14 4 0 0 20 5 9 6 1 0
1549151537 54 14 4 0 0 20 6 9 6 1 0
1549151600 54 14 4 0 0 20 7 9 6 1 0
1549151611 54 14 4 0 0 20 8 9 6 1 0
1549154154 54 14 4 0 0 20 9 9 6 1 0
1549154194 54 14 4 0 0 20 10 9 6 1 0
1549211807 54 14 5 0 0 20 10 9 6 1 0
1549303346 54 15 5 0 0 20 10 9 6 1 0
1549303974 54 16 5 0 0 20 10 9 6 1 0
1549369082 55 16 5 0 0 20 10 9 6 1 0
1549369782 55 16 5 0 0 20 10 10 6 1 0
1549369785 56 16 5 0 0 20 10 10 6 1 0
1549370616 56 16 5 0 0 20 11 10 6 1 0
1549371136 56 16 5 0 0 20 12 10 6 1 0
1549371585 56 16 6 0 0 20 12 10 6 1 0
1549374750 56 16 6 0 0 20 13 10 6 1 0
1549378608 56 16 7 0 0 20 13 10 6 1 0
1549379395 56 16 8 0 0 20 13 10 6 1 0
1549456253 56 17 8 0 0 20 13 10 6 1 0
1549470037 56 17 8 0 0 20 14 10 6 1 0
1549470456 56 17 8 0 0 20 15 10 6 1 0
1549470548 57 17 8 0 0 20 15 10 6 1 0
1549471274 58 17 8 0 0 20 15 10 6 1 0
1549578780 58 18 8 0 0 20 15 10 6 1 0
1549627779 58 18 8 0 0 20 17 10 6 1 0
1549628020 58 18 8 0 0 20 17 11 6 1 0
1549628487 58 18 9 0 0 20 17 11 6 1 0
1549628774 58 19 9 0 0 20 17 11 6 1 0
1549629381 59 19 9 0 0 20 17 11 6 1 0
1549629599 60 19 9 0 0 20 17 11 6 1 0
1549630091 61 19 9 0 0 20 17 11 6 1 0
1549630369 61 19 9 0 0 20 18 11 6 1 0
1549630440 61 19 9 0 0 20 18 12 6 1 0
1549630611 61 19 10 0 0 20 18 12 6 1 0
1549630666 61 20 10 0 0 20 18 12 6 1 0
1549631517 61 21 10 0 0 20 18 12 6 1 0
1549631677 61 22 10 0 0 20 18 12 6 1 0
1549631783 61 22 11 0 0 20 18 12 6 1 0
1549631844 61 22 11 0 0 20 18 13 6 2 0
1549632144 61 22 11 0 0 20 19 13 6 2 0
1549652154 61 22 11 0 0 20 20 13 6 2 0
1549740167 61 23 11 0 0 20 20 13 6 2 0
1549740324 61 24 11 0 0 20 20 13 6 2 0
1549740721 61 25 11 0 0 20 20 13 6 2 0
1549758109 61 26 11 0 0 20 20 13 6 2 0
1549760686 61 27 11 0 0 20 20 13 6 2 0
1549797492 61 28 11 0 0 20 20 13 6 2 0
1549797683 61 29 11 0 0 20 20 13 6 2 0
1549819196 61 29 12 0 0 20 20 13 6 2 0
1549836586 62 29 12 0 0 20 20 13 6 2 0
1549843221 62 29 12 0 1 20 20 13 6 2 0
1549898739 62 29 12 0 1 20 20 13 6 2 1
1549973060 62 29 12 0 2 20 20 13 6 2 1
1549973985 62 29 12 0 2 21 20 13 6 2 1
1549975420 62 29 12 0 3 21 20 13 6 2 1
1549976831 62 29 12 0 4 21 20 13 6 2 1
1549977196 62 29 12 0 5 21 20 13 6 2 1
1549977734 62 29 13 0 5 21 20 13 6 2 1
1549978110 62 29 14 0 5 21 20 13 6 2 1
1549978156 62 29 14 0 6 21 20 13 6 2 1
1549978492 62 29 14 0 6 21 21 13 6 2 1
1549978512 62 29 14 0 6 21 22 13 6 2 1
1549987998 62 29 14 0 6 21 23 13 6 2 1
1549988305 62 29 14 0 6 21 24 13 6 2 1
1549988659 62 29 14 0 6 21 25 13 6 2 1
1549988903 62 29 14 0 6 21 26 13 6 2 1
1549989002 62 29 14 0 6 21 27 13 6 2 1
1549989133 62 29 14 0 6 21 28 13 6 2 1
1550014716 63 29 14 0 6 21 28 13 6 2 1
1550158022 63 29 14 0 6 21 29 13 6 2 1
1550158487 63 29 14 0 7 21 29 13 6 2 1
1550228085 63 29 15 0 7 21 29 13 6 2 1
1550230067 63 29 16 0 7 21 29 13 6 2 1
1550230402 63 29 17 0 7 21 29 13 6 2 1
1550231626 63 29 17 0 8 21 29 13 6 2 1
1550232823 63 29 17 0 9 21 29 13 6 2 1
1550232924 64 29 17 0 9 21 29 13 6 2 1
1550233607 64 29 17 0 10 21 29 13 6 2 1
1550233689 64 29 18 0 10 21 29 13 6 2 1
1550233996 65 29 18 0 10 21 29 13 6 2 1
1550236098 65 29 18 0 11 21 29 13 6 2 1
1550236364 65 29 18 0 11 21 30 13 6 2 1
1550236833 65 29 19 0 11 21 30 13 6 2 1
1550237194 65 29 19 0 11 22 30 13 6 2 1
1550238564 65 29 19 0 11 23 30 13 6 2 1
1550238725 65 29 19 0 12 23 30 13 6 2 1
1550239106 65 29 19 0 12 24 30 13 6 2 1
1550239263 65 29 19 0 12 25 30 13 6 2 1
1550240763 65 29 19 0 12 26 30 13 6 2 1
1550241643 66 29 19 0 12 26 30 13 6 2 1
1550241929 67 29 19 0 12 26 30 13 6 2 1
1550242995 68 29 19 0 12 26 30 13 6 2 1
1550242998 68 29 20 0 12 26 30 13 6 2 1
1550245679 69 29 20 0 12 26 30 13 6 2 1
1550271989 69 30 20 0 12 26 30 13 6 2 1
1550274705 69 31 20 0 12 26 30 13 6 2 1
1550275010 69 32 20 0 12 26 30 13 6 2 1
1550276296 69 33 20 0 12 26 30 13 6 2 1
1550345071 69 34 20 0 12 26 30 13 6 2 1
1550408963 69 34 20 0 12 26 31 13 6 2 1
1550410140 69 34 20 0 12 26 32 13 6 2 1
1550442666 69 35 20 0 12 26 32 13 6 2 1
1550446509 69 36 20 0 12 26 32 13 6 2 1
1550448231 69 37 20 0 12 26 32 13 6 2 1
1550484762 69 38 20 0 12 26 32 13 6 2 1
1550484828 69 39 20 0 12 26 32 13 6 2 1
1550484959 70 39 20 0 12 26 32 13 6 2 1
1550486485 70 40 20 0 12 26 32 13 6 2 1
1550489671 70 40 21 0 12 26 32 13 6 2 1
1550489764 70 40 21 0 12 27 32 13 6 2 1
1550489983 70 41 21 0 12 27 32 13 6 2 1
1550490040 70 41 21 0 12 28 32 13 6 2 1
1550490393 71 41 21 0 12 28 32 13 6 2 1
1550490553 71 42 21 0 12 28 32 13 6 2 1
1550490686 71 43 21 0 12 28 32 13 6 2 1
1550490889 71 44 21 0 12 28 32 13 6 2 1
1550490912 71 45 21 0 12 28 32 13 6 2 1
1550491545 71 45 21 0 12 29 32 13 6 2 1
1550491738 71 46 21 0 12 29 32 13 6 2 1
1550495717 72 46 21 0 12 29 32 13 6 2 1
1550496783 72 46 21 0 13 29 32 13 6 2 1
1550498656 72 46 21 0 13 29 33 13 6 2 1
1550498935 72 46 21 0 13 29 34 13 6 2 1
1550499147 72 46 21 0 13 29 36 13 6 2 1
1550499463 72 46 21 0 13 29 37 13 6 2 1
1550499959 72 46 21 0 13 29 38 13 6 2 1
1550500061 72 46 21 0 13 29 39 13 6 2 1
1550500135 72 46 21 0 13 29 41 13 6 2 1
1550500299 72 46 21 0 13 29 43 13 6 2 1
1550500636 72 46 21 0 13 29 44 13 6 2 1
1550500804 72 46 21 0 13 29 45 13 6 2 1
1550571937 72 46 21 0 13 29 46 13 6 2 1
1550573748 77 47 21 0 13 30 46 13 6 2 1
1550577652 77 47 21 0 14 30 46 13 6 2 1
1550577907 77 47 22 0 14 30 46 13 6 2 1
1550578328 77 47 23 0 14 30 46 13 6 2 1
1550578875 77 47 23 0 15 30 46 13 6 2 1
1550580039 77 47 23 0 15 30 47 13 6 2 1
1550580069 77 47 24 0 15 30 47 13 6 2 1
1550581333 77 47 24 0 15 31 47 13 6 2 1
1550581412 77 47 25 0 15 31 47 13 6 2 1
1550582082 77 47 25 0 15 31 48 13 6 2 1
1550582287 77 47 25 0 15 31 49 13 6 2 1
1550582596 77 47 25 0 16 31 49 13 6 2 1
1550582605 77 47 25 0 16 31 50 13 6 2 1
1550586788 77 47 25 0 16 32 50 13 6 2 1
1550587738 77 47 25 0 16 33 50 13 6 2 1
1550588388 77 47 25 0 16 34 50 13 6 2 1
1550588851 77 47 25 0 20 34 51 13 6 2 1
1550589037 77 47 25 0 20 35 51 13 6 2 1
1550589070 77 47 25 0 20 36 51 13 6 2 1
1550590111 77 47 25 0 20 37 51 13 6 2 1
1550590132 77 47 25 0 20 38 51 13 6 2 1
1550590221 77 47 25 0 20 39 51 13 6 2 1
1550591202 77 47 25 0 20 40 51 13 6 2 1
1550591221 77 47 25 0 20 41 51 13 6 2 1
1550591433 77 47 25 0 20 42 51 13 6 2 1
1550591656 77 47 25 0 20 42 52 13 6 2 1
1550591704 77 47 25 0 20 43 52 13 6 2 1
1550592226 77 47 25 0 20 44 52 13 6 2 1
1550592589 77 47 26 0 20 44 52 13 6 2 1
1550593008 77 47 26 0 20 44 52 13 6 3 1
1550593948 77 47 27 0 20 44 52 13 6 3 1
1550594477 77 47 27 0 20 44 53 13 6 3 1
1550594511 77 47 27 0 20 44 54 13 6 3 1
1550594586 77 47 27 0 20 45 54 13 6 3 1
1550603637 78 47 27 0 20 45 54 13 6 3 1
1550605144 79 47 27 0 20 45 54 13 6 3 1
1550605354 80 47 27 0 20 45 54 13 6 3 1
1550605547 81 47 27 0 20 45 54 13 6 3 1
1550605612 82 47 27 0 20 45 54 13 6 3 1
1550656695 82 48 27 0 20 45 54 13 6 3 1
1550659121 82 49 27 0 20 45 54 13 6 3 1
1550659675 82 49 27 0 20 45 55 13 6 3 1
1550660448 83 49 27 0 20 45 55 13 6 3 1
1550661332 83 49 28 0 20 45 55 13 6 3 1
1550661711 83 49 29 0 20 45 55 13 6 3 1
1550661757 83 49 29 0 20 45 56 13 6 3 1
1550661861 83 50 29 0 20 45 56 13 6 3 1
1550663005 84 50 29 0 20 45 56 13 6 3 1
1550663062 84 50 29 0 20 45 57 13 6 3 1
1550663117 84 50 30 0 20 45 57 13 6 3 1
1550664863 84 50 30 0 20 45 58 13 6 3 1
1550665058 84 50 30 0 20 46 58 13 6 3 1
1550666080 84 50 31 0 20 46 58 13 6 3 1
1550666103 84 50 31 0 20 46 59 13 6 3 1
1550667342 84 50 32 0 20 46 59 13 6 3 1
1550667399 84 50 32 0 20 46 60 13 6 3 1
1550667519 84 50 32 0 20 46 61 13 6 3 1
1550671044 84 51 32 0 20 46 61 13 6 3 1
1550672562 84 51 32 0 20 46 62 13 6 3 1
1550673538 84 51 32 0 20 47 62 13 6 3 1
1550674000 84 51 32 0 20 47 63 13 6 3 1
1550674012 84 51 32 0 20 47 64 13 6 3 1
1550674624 84 51 33 0 20 47 64 13 6 3 1
1550675065 84 51 33 0 20 48 64 13 6 3 1
1550675174 84 52 33 0 20 48 64 13 6 3 1
1550676167 84 52 33 0 20 48 65 13 6 3 1
1550676524 84 52 33 0 20 49 65 13 6 3 1
1550676836 84 52 34 0 20 49 65 13 6 3 1
1550676853 85 52 34 0 20 49 65 13 6 3 1
1550677141 85 52 34 0 20 50 65 13 6 3 1
1550677143 85 52 34 0 21 50 65 13 6 3 1
1550677782 85 52 35 0 21 50 65 13 6 3 1
1550678051 86 52 35 0 21 50 65 13 6 3 1
1550678287 87 52 35 0 21 50 65 13 6 3 1
1550678707 89 52 35 0 21 50 65 13 6 3 1
1550679918 89 52 35 0 21 51 65 13 6 3 1
1550679956 89 52 35 0 21 52 65 13 6 3 1
1550682925 90 52 35 0 21 52 65 13 6 3 1
1550692937 90 52 35 0 21 53 65 13 6 3 1
1550697200 91 52 35 0 21 53 65 13 6 3 1
1550742465 91 52 35 1 21 53 65 13 6 3 1
1550742525 91 52 35 1 21 54 65 13 6 3 1
1550746160 91 52 35 2 21 54 65 13 6 3 1
1550747579 91 52 35 3 21 54 65 13 6 3 1
1550751252 92 52 35 3 21 54 65 13 6 3 1
1550752162 93 52 35 4 21 55 65 13 6 3 1
1550754634 93 53 35 4 21 55 65 13 6 3 1
1550755166 93 53 35 5 21 55 65 13 6 3 1
1550755471 93 53 35 5 21 56 65 13 6 3 1
1550755484 93 53 35 5 21 57 65 13 6 3 1
1550755664 93 54 35 5 21 57 65 13 6 3 1
1550756212 93 54 36 5 21 57 65 13 6 3 1
1550756341 94 54 36 5 21 57 65 13 6 3 1
1550756350 95 54 36 5 21 57 65 13 6 3 1
1550756627 95 54 36 5 21 58 65 13 6 3 1
1550756639 96 54 36 5 21 58 65 13 6 3 1
1550756803 96 54 37 5 21 58 65 13 6 3 1
1550756840 96 54 37 6 21 58 65 13 6 3 1
1550757041 96 54 37 7 21 58 65 13 6 3 1
1550757203 97 54 37 7 21 58 65 13 6 3 1
1550757566 97 54 38 7 21 58 65 13 6 3 1
1550757907 97 54 38 10 21 58 65 13 6 3 1
1550758689 97 54 39 10 21 58 65 13 6 3 1
1550758805 97 54 40 10 21 58 65 13 6 3 1
1550759025 97 54 40 10 22 58 65 13 6 3 1
1550763453 97 54 40 10 23 58 65 13 6 3 1
1550763484 97 54 40 10 24 58 65 13 6 3 1
1550763727 97 54 41 10 24 58 65 13 6 3 1
1550763860 97 54 41 10 25 58 65 13 6 3 1
1550764125 97 54 41 10 26 58 65 13 6 3 1
1550764530 97 54 41 10 27 58 65 13 6 3 1
1550771737 98 54 41 10 27 58 65 13 6 3 1
1550771907 99 54 41 10 27 58 65 13 6 3 1
1550779015 99 54 42 10 27 58 65 13 6 3 1
1550779023 99 54 43 10 27 58 65 13 6 3 1
1550779972 99 54 44 10 27 58 65 13 6 3 1
1550829812 99 54 44 10 27 58 66 13 6 3 1
1550849866 99 54 45 10 27 58 66 13 6 3 1
1550938185 99 54 45 11 27 58 66 13 6 3 1
1551018934 99 54 46 11 27 58 66 13 6 3 1
1551111109 100 54 46 11 27 58 66 13 6 3 1
1551184553 100 55 46 11 27 58 66 13 6 3 1
1551184764 100 56 46 11 27 58 66 13 6 3 1
1551191968 101 56 46 11 27 58 66 13 6 3 1
1551192046 102 56 46 11 27 58 66 13 6 3 1
1551192077 103 56 46 11 27 58 66 13 6 3 1
1551192285 104 56 46 11 27 58 66 13 6 3 1
1551274536 104 57 46 11 27 58 66 13 6 3 1
1551277700 104 57 46 11 28 58 66 13 6 3 1
1551288937 104 58 46 11 28 58 66 13 6 3 1
1551352495 105 58 46 11 28 58 66 13 6 3 1
1551352939 106 58 46 11 28 58 66 13 6 3 1
1551354425 107 58 46 11 28 58 66 13 6 3 1
1551360319 108 58 46 11 28 58 66 13 6 3 1
1551367749 108 59 46 11 28 58 66 13 6 3 1
1551368973 109 59 46 11 28 58 66 13 6 3 1
1551430868 109 59 46 12 28 58 66 13 6 3 1
1551435520 109 59 46 13 28 58 66 13 6 3 1
1551436431 109 59 46 14 28 58 66 13 6 3 1
1551439894 109 59 47 14 28 58 66 13 6 3 1
1551439937 109 59 48 14 28 58 66 13 6 3 1
1551441351 109 59 48 15 28 58 66 13 6 3 1
1551441390 109 59 48 15 29 58 66 13 6 3 1
1551442388 109 59 48 16 29 58 66 13 6 3 1
1551443643 109 59 48 16 30 58 66 13 6 3 1
1551443798 109 59 48 17 30 58 66 13 6 3 1
1551443972 109 59 48 17 31 58 66 13 6 3 1
1551444413 109 59 48 17 32 58 66 13 6 3 1
1551446228 109 59 48 17 33 58 66 13 6 3 1
1551447205 109 59 49 17 33 58 66 13 6 3 1
1551456053 109 60 49 17 33 58 66 13 6 3 1
1551475183 109 61 49 17 33 58 66 13 6 3 1
1551536276 109 62 49 17 33 58 66 13 6 3 1
1551536428 109 63 49 17 33 58 66 13 6 3 1
1551699852 109 63 50 17 33 58 66 13 6 3 1
1551709411 109 63 50 18 33 58 66 13 6 3 1
1551716155 109 63 50 19 33 58 66 13 6 3 1
1551722665 110 63 50 19 33 58 66 13 6 3 1
1551788330 110 63 51 19 33 58 66 13 6 3 1
1551789502 111 63 51 19 33 58 66 13 6 3 1
1551789522 112 63 51 19 33 58 66 13 6 3 1
1551789635 112 63 51 20 33 58 66 13 6 3 1
1551789655 112 63 51 20 34 58 66 13 6 3 1
1551789790 113 63 51 20 34 58 66 13 6 3 1
1551789808 113 63 51 21 34 58 66 13 6 3 1
1551789870 113 63 51 21 35 58 66 13 6 3 1
1551790846 113 63 51 22 35 58 66 13 6 3 1
1551790894 113 63 51 23 35 58 66 13 6 3 1
1551790990 113 63 51 23 36 58 66 13 6 3 1
1551791186 113 63 51 24 36 58 66 13 6 3 1
1551791326 113 63 51 24 36 59 66 13 6 3 1
1551791624 113 63 51 24 37 59 66 13 6 3 1
1551791764 113 63 51 24 38 59 66 13 6 3 1
1551791812 113 63 51 24 38 60 66 13 6 3 1
1551792091 113 63 51 25 38 60 66 13 6 3 1
1551792289 113 63 51 27 38 60 66 13 6 3 1
1551792444 113 63 51 27 39 60 66 13 6 3 1
1551792809 113 63 51 34 47 60 67 13 6 3 1
1551793685 113 63 51 34 48 60 67 13 6 3 1
1551799345 113 63 51 35 48 60 67 13 6 3 1
1551799398 114 63 51 35 48 60 67 13 6 3 1
1551799500 114 63 51 36 48 60 67 13 6 3 1
1551800421 114 63 52 36 48 60 67 13 6 3 1
1551801021 114 63 53 36 48 60 67 13 6 3 1
1551801151 115 63 53 36 48 60 67 13 6 3 1
1551802546 115 63 53 37 48 60 67 13 6 3 1
1551803135 116 63 53 38 48 60 67 13 6 3 1
1551871133 116 63 54 38 48 60 67 13 6 3 1
1551882519 117 63 54 38 48 60 67 13 6 3 1
1551887062 117 64 54 38 48 60 67 13 6 3 1
1551954566 117 64 54 39 48 60 67 13 6 3 1
1551954634 117 64 54 40 48 60 67 13 6 3 1
1551954662 117 64 54 41 48 60 67 13 6 3 1
1551959119 118 64 54 41 48 60 67 13 6 3 1
1551963083 118 64 54 41 49 60 67 13 6 3 1
1551966337 119 64 54 41 49 60 67 13 6 3 1
1551966787 120 64 54 41 49 60 67 13 6 3 1
1551967160 120 64 54 42 49 60 67 13 6 3 1
1551967174 120 64 54 42 50 60 67 13 6 3 1
1551967201 121 64 54 42 50 60 67 13 6 3 1
1551967354 121 64 54 43 50 60 67 13 6 3 1
1551968772 121 64 54 44 50 60 67 13 6 3 1
1551969146 121 65 54 44 50 60 67 13 6 3 1
1551969375 121 65 54 44 51 60 67 13 6 3 1
1551970580 122 65 54 44 51 60 68 13 6 3 1
1551971054 122 65 55 50 66 60 68 13 6 3 1
1551972159 122 65 55 50 67 60 68 13 6 3 1
1551972901 122 65 55 50 68 60 68 13 6 3 1
1551973282 122 65 55 50 69 60 68 13 6 3 1
1551973624 122 65 55 50 70 60 68 13 6 3 1
1551974633 122 65 55 50 71 60 68 13 6 3 1
1551975267 123 65 55 50 71 60 68 13 6 3 1
1551976085 123 65 55 50 72 60 68 13 6 3 1
1551978029 124 65 55 50 72 60 68 13 6 3 1
1552039568 124 65 55 51 72 60 68 13 6 3 1
1552040330 124 66 55 51 72 60 68 13 6 3 1
1552040672 124 67 55 51 72 60 68 13 6 3 1
1552040686 124 68 55 51 72 60 68 13 6 3 1
1552045048 124 68 56 51 72 60 68 13 6 3 1
1552049511 124 68 56 51 73 60 68 13 6 3 1
1552050324 124 68 56 51 74 60 68 13 6 3 1
1552050423 124 69 56 51 74 60 68 13 6 3 1
1552051492 124 69 56 52 74 60 68 13 6 3 1
1552051850 124 69 57 52 74 60 68 13 6 3 1
1552052522 124 69 57 52 75 60 68 13 6 3 1
1552060721 124 69 57 53 75 60 68 13 6 3 1
1552061024 124 69 57 53 76 60 68 13 6 3 1
1552061127 124 69 57 54 76 60 68 13 6 3 1
1552063002 124 70 57 54 76 60 68 13 6 3 1
1552064175 124 70 58 54 76 60 68 13 6 3 1
1552065043 124 70 58 54 77 60 68 13 6 3 1
1552068239 125 70 58 54 77 60 68 13 6 3 1
1552068350 126 70 58 54 77 60 68 13 6 3 1
1552068664 127 70 58 54 77 60 68 13 6 3 1
1552068839 128 70 58 54 77 60 68 13 6 3 1
1552150258 128 70 58 55 77 60 68 13 6 3 1
1552152578 128 70 58 56 77 60 68 13 6 3 1
1552219649 128 71 58 56 77 60 68 13 6 3 1
1552220159 129 71 58 56 77 60 68 13 6 3 1
1552228172 129 72 58 56 77 60 68 13 6 3 1
1552236085 130 72 58 56 77 60 68 13 6 3 1
1552243196 131 72 58 56 77 60 68 13 6 3 1
1552304382 131 72 59 56 77 60 68 13 6 3 1
1552312199 131 72 59 57 77 60 68 13 6 3 1
1552313084 131 72 60 57 77 60 68 13 6 3 1
1552313908 131 72 60 58 77 60 68 13 6 3 1
1552315232 131 72 60 58 78 60 68 13 6 3 1
1552315325 131 72 60 59 78 60 68 13 6 3 1
1552318206 132 72 60 59 78 60 68 13 6 3 1
1552318555 139 76 60 59 78 60 68 13 6 3 1
1552321208 139 76 61 59 78 60 68 13 6 3 1
1552321242 144 76 62 59 78 60 68 13 6 3 1
1552321693 145 76 62 59 78 60 68 13 6 3 1
1552323871 145 76 62 60 78 60 68 13 6 3 1
1552324560 145 76 62 61 78 60 68 13 6 3 1
1552326920 145 76 62 62 78 60 68 13 6 3 1
1552328486 146 76 62 62 78 60 68 13 6 3 1
1552340267 146 77 62 62 78 60 68 13 6 3 1
1552340675 146 78 62 62 78 60 68 13 6 3 1
1552342488 146 79 62 62 78 60 68 13 6 3 1
1552342893 146 80 62 62 78 60 68 13 6 3 1
1552343133 147 80 62 62 78 60 68 13 6 3 1
1552343485 148 80 62 62 78 60 68 13 6 3 1
1552344523 148 81 62 62 78 60 68 13 6 3 1
1552346475 148 82 62 62 78 60 68 13 6 3 1
1552388790 148 83 62 62 78 60 68 13 6 3 1
1552388955 148 84 62 62 78 60 68 13 6 3 1
1552392096 148 84 62 63 78 60 68 13 6 3 1
1552395763 149 84 62 63 78 60 68 13 6 3 1
1552396124 150 84 62 64 78 60 68 13 6 3 1
1552396236 151 84 62 64 78 60 68 13 6 3 1
1552396574 151 84 62 65 78 60 68 13 6 3 1
1552397451 151 85 62 65 78 60 68 13 6 3 1
1552398680 151 85 62 66 78 60 68 13 6 3 1
1552400608 152 85 62 66 78 60 68 13 6 3 1
1552401353 153 85 62 66 78 60 68 13 6 3 1
1552401568 154 85 62 66 78 60 68 13 6 3 1
1552402099 154 85 62 67 78 60 68 13 6 3 1
1552402996 154 85 62 68 78 60 68 13 6 3 1
1552403369 154 86 62 68 78 60 68 13 6 3 1
1552403388 154 87 62 68 78 60 68 13 6 3 1
1552404263 155 87 62 68 78 60 68 13 6 3 1
1552404289 156 87 62 68 78 60 68 13 6 3 1
1552404986 157 87 62 68 78 60 68 13 6 3 1
1552405341 158 87 62 68 78 60 68 13 6 3 1
1552405639 158 87 63 68 78 60 68 13 6 3 1
1552405650 159 87 63 68 78 60 68 13 6 3 1
1552405751 160 87 63 68 78 60 68 13 6 3 1
1552405874 161 87 63 68 78 60 68 13 6 3 1
1552407618 162 87 63 68 78 60 68 13 6 3 1
1552407651 163 87 63 68 78 60 68 13 6 3 1
1552407792 163 88 63 68 78 60 68 13 6 3 1
1552408288 163 89 63 68 78 60 68 13 6 3 1
1552408450 163 90 63 68 78 60 68 13 6 3 1
1552408662 165 90 63 68 78 60 68 13 6 3 1
1552408694 165 90 63 69 78 60 68 13 6 3 1
1552408698 166 90 63 69 78 60 68 13 6 3 1
1552409464 166 90 63 70 78 60 68 13 6 3 1
1552409654 166 90 63 71 78 60 68 13 6 3 1
1552409938 166 90 63 72 78 60 68 13 6 3 1
1552410228 167 90 63 72 78 60 68 13 6 3 1
1552483642 167 90 64 72 78 60 68 13 6 3 1
1552485845 167 91 64 72 78 60 68 13 6 3 1
1552485856 167 92 64 72 78 60 68 13 6 3 1
1552486543 168 92 64 72 78 60 68 13 6 3 1
1552486662 169 92 64 72 78 60 68 13 6 3 1
1552486717 170 92 64 72 78 60 68 13 6 3 1
1552487281 171 92 64 72 78 60 68 13 6 3 1
1552489014 172 92 64 72 78 60 68 13 6 3 1
1552489337 172 93 64 72 78 60 68 13 6 3 1
1552489875 173 93 64 72 78 60 68 13 6 3 1
1552490910 174 93 64 72 78 60 68 13 6 3 1
1552490940 174 94 64 72 78 60 68 13 6 3 1
1552490959 175 94 64 72 78 60 68 13 6 3 1
1552490974 176 94 64 72 78 60 68 13 6 3 1
1552491966 176 95 64 72 78 60 68 13 6 3 1
1552492719 177 95 64 72 78 60 68 13 6 3 1
1552492834 178 95 64 72 78 60 68 13 6 3 1
1552493677 179 95 64 72 78 60 68 13 6 3 1
1552494466 179 96 64 72 78 60 68 13 6 3 1
1552495207 180 96 64 72 78 60 68 13 6 3 1
1552495215 181 96 64 72 78 60 68 13 6 3 1
1552495488 182 96 64 72 78 60 68 13 6 3 1
1552496931 182 97 64 72 78 60 68 13 6 3 1
1552497664 182 98 64 72 78 60 68 13 6 3 1
1552507916 182 98 64 72 79 60 68 13 6 3 1
1552523583 182 98 64 72 80 60 68 13 6 3 1
1552523859 182 98 64 72 81 60 68 13 6 3 1
1552524958 182 99 64 72 81 60 68 13 6 3 1
1552567280 183 99 64 72 81 60 68 13 6 3 1
1552572913 183 100 64 72 81 60 68 13 6 3 1
1552573153 183 101 64 72 81 60 68 13 6 3 1
1552573540 183 102 64 72 81 60 68 13 6 3 1
1552573858 183 102 64 73 81 60 68 13 6 3 1
1552574865 183 103 64 73 81 60 68 13 6 3 1
1552575037 183 104 64 73 81 60 68 13 6 3 1
1552575235 183 104 64 74 81 60 68 13 6 3 1
1552575478 183 104 64 75 81 60 68 13 6 3 1
1552578545 183 105 64 75 81 60 68 13 6 3 1
1552578894 184 106 64 75 81 60 68 13 6 3 1
1552579501 184 107 64 75 81 60 68 13 6 3 1
1552579512 184 108 64 75 81 60 68 13 6 3 1
1552591897 184 109 64 75 81 60 68 13 6 3 1
1552601576 184 110 64 75 81 60 68 13 6 3 1
1552606246 184 111 64 75 81 60 68 13 6 3 1
1552642312 184 111 64 76 81 60 68 13 6 3 1
1552663214 184 112 64 76 81 60 68 13 6 3 1
1552664966 184 112 64 77 81 60 68 13 6 3 1
1552665597 184 112 64 77 82 60 68 13 6 3 1
1552665867 184 113 64 77 82 60 68 13 6 3 1
1552665907 184 114 64 77 82 60 68 13 6 3 1
1552672506 185 114 64 77 82 60 68 13 6 3 1
1552674135 185 115 64 77 82 60 68 13 6 3 1
1552675917 186 115 64 77 82 60 68 13 6 3 1
1552676640 187 115 64 77 82 60 68 13 6 3 1
1552679996 187 116 64 77 82 60 68 13 6 3 1
1552684115 188 116 64 77 82 60 68 13 6 3 1
1552779741 189 116 64 77 82 60 68 13 6 3 1
1552824918 190 116 64 77 82 60 68 13 6 3 1
1552829319 191 116 64 77 82 60 68 13 6 3 1
1552832877 192 116 64 77 82 60 68 13 6 3 1
1552837781 193 116 64 77 82 60 68 13 6 3 1
1552843510 194 116 64 77 82 60 68 13 6 3 1
1552843679 196 116 64 77 82 60 68 13 6 3 1
1552844386 197 116 64 77 82 60 68 13 6 3 1
1552845292 198 116 64 77 82 60 68 13 6 3 1
1552868598 198 116 65 77 82 60 68 13 6 3 1
1552915315 198 116 65 77 83 60 68 13 6 3 1
1552916001 198 116 65 77 84 60 68 13 6 3 1
1552917660 198 116 65 77 84 60 68 13 6 4 1
1552918716 198 116 65 77 85 60 68 13 6 4 1
1552919089 199 116 65 77 85 60 68 13 6 4 1
1552919094 199 116 65 77 86 60 68 13 6 4 1
1552919124 199 116 65 77 87 60 68 13 6 4 1
1552920294 199 116 66 77 87 60 68 13 6 4 1
1552921067 199 116 67 77 87 60 68 13 6 4 1
1552922494 199 116 68 77 87 60 68 13 6 4 1
1552923372 199 116 68 77 88 60 68 13 6 4 1
1552925920 199 116 68 78 88 60 68 13 6 4 1
1552931505 199 117 68 78 88 60 68 13 6 4 1
1552932909 199 118 68 78 88 60 68 13 6 4 1
1552935970 200 118 68 78 88 60 68 13 6 4 1
1552942148 200 119 68 78 88 60 68 13 6 4 1
1552944934 200 120 68 78 88 60 68 13 6 4 1
1552945022 201 120 68 78 88 60 68 13 6 4 1
1552946780 201 121 68 78 88 60 68 13 6 4 1
1552946955 202 121 68 78 88 60 68 13 6 4 1
1552946984 203 121 68 78 89 60 68 13 6 4 1
1552994825 203 121 68 79 89 60 68 13 6 4 1
1552996862 204 121 68 79 89 60 68 13 6 4 1
1552998819 204 121 69 79 89 60 68 13 6 4 1
1553014353 204 122 69 79 89 60 68 13 6 4 1
1553014778 205 122 69 79 89 60 68 13 6 4 1
1553014935 206 122 69 79 89 60 68 13 6 4 1
1553019909 207 122 69 79 89 60 68 13 6 4 1
1553020628 208 122 69 79 89 60 68 13 6 4 1
1553021996 208 122 69 80 89 60 68 13 6 4 1
1553022748 209 122 69 80 89 60 68 13 6 4 1
1553023859 209 122 69 81 89 60 68 13 6 4 1
1553025159 209 122 69 82 89 60 68 13 6 4 1
1553025859 209 122 69 83 89 60 68 13 6 4 1
1553096163 209 122 69 83 89 61 68 13 6 4 1
1553096255 209 122 69 83 89 62 68 13 6 4 1
1553130149 209 123 69 83 89 62 68 13 6 4 1
1553168750 209 123 70 83 89 62 68 13 6 4 1
1553173262 211 123 70 83 89 62 68 13 6 4 1
1553173761 211 124 70 83 89 62 68 13 6 4 1
1553176855 212 124 70 83 89 62 68 13 6 4 1
1553177215 213 124 70 83 89 62 68 13 6 4 1
1553177388 214 124 70 83 89 62 68 13 6 4 1
1553177746 214 124 71 83 89 62 68 13 6 4 1
1553179199 214 124 72 83 89 62 68 13 6 4 1
1553179941 214 124 72 83 90 62 68 13 6 4 1
1553180729 214 124 72 83 91 62 68 13 6 4 1
1553182618 214 124 72 83 92 62 68 13 6 4 1
1553183292 214 124 72 84 92 62 68 13 6 4 1
1553183631 214 124 72 85 92 62 68 13 6 4 1
1553183933 214 124 73 85 92 62 68 13 6 4 1
1553185018 215 124 73 85 92 62 68 13 6 4 1
1553185085 216 124 73 85 92 62 68 13 6 4 1
1553185291 216 124 73 85 93 62 68 13 6 4 1
1553187383 216 124 73 85 94 62 68 13 6 4 1
1553188685 217 124 73 85 94 62 68 13 6 4 1
1553188969 217 124 73 85 95 62 68 13 6 4 1
1553193293 218 124 73 85 95 62 68 13 6 4 1
1553194630 218 125 73 85 95 62 68 13 6 4 1
1553196186 219 125 73 85 95 62 68 13 6 4 1
1553200385 219 126 73 85 95 62 68 13 6 4 1
1553203257 220 126 73 85 95 62 68 13 6 4 1
1553254652 220 126 74 85 95 62 68 13 6 4 1
1553257796 220 127 74 85 95 62 68 13 6 4 1
1553261078 220 127 75 85 95 62 68 13 6 4 1
1553261122 220 127 76 85 95 62 68 13 6 4 1
1553261783 227 127 76 85 96 63 68 13 6 4 1
1553263440 228 127 76 85 96 63 68 13 6 4 1
1553264543 228 127 76 85 97 63 68 13 6 4 1
1553266153 228 128 76 85 97 63 68 13 6 4 1
1553267240 228 128 77 85 97 63 68 13 6 4 1
1553268471 228 129 77 85 97 63 68 13 6 4 1
1553268853 228 129 77 85 97 64 68 13 6 4 1
1553269549 228 129 78 85 97 64 68 13 6 4 1
1553269660 228 130 78 85 97 64 68 13 6 4 1
1553270631 228 130 79 85 97 64 68 13 6 4 1
1553270810 229 130 79 85 97 64 68 13 6 4 1
1553272323 229 130 79 85 97 65 68 13 6 4 1
1553272371 229 130 79 85 97 65 68 13 7 4 1
1553275833 229 131 79 85 97 65 68 13 7 4 1
1553277535 229 132 79 85 97 65 68 13 7 4 1
1553300132 230 132 79 85 97 65 68 13 7 4 1
1553345089 230 133 79 85 97 65 68 13 7 4 1
1553345996 230 134 79 85 97 65 68 13 7 4 1
1553347967 231 134 79 85 97 65 68 13 7 4 1
1553349672 231 135 79 85 97 65 68 13 7 4 1
1553355032 231 136 79 85 97 65 68 13 7 4 1
1553356232 231 137 79 85 97 65 68 13 7 4 1
1553356978 231 138 79 85 97 65 68 13 7 4 1
1553361764 232 138 79 85 97 65 68 13 7 4 1
1553361870 233 138 79 85 97 65 68 13 7 4 1
1553362099 234 138 79 85 97 65 68 13 7 4 1
1553362758 234 139 79 85 97 65 68 13 7 4 1
1553363065 235 139 79 85 97 65 68 13 7 4 1
1553364118 237 139 79 85 97 65 68 13 7 4 1
1553367413 237 139 80 85 97 65 68 13 7 4 1
1553367476 237 139 81 85 97 65 68 13 7 4 1
1553433445 238 139 81 85 97 65 68 13 7 4 1
1553440843 238 140 81 85 97 65 68 13 7 4 1
1553447346 239 140 81 85 97 65 68 13 7 4 1
1553448422 240 140 81 85 97 65 68 13 7 4 1
1553453990 241 140 81 85 97 65 68 13 7 4 1
1553506958 241 140 81 85 97 66 68 13 7 4 1
1553510124 242 140 81 85 97 66 68 13 7 4 1
1553511895 242 141 81 85 97 66 68 13 7 4 1
1553514154 242 141 81 85 97 67 68 13 7 4 1
1553514187 242 141 82 85 97 67 68 13 7 4 1
1553514283 242 141 82 85 97 68 68 13 7 4 1
1553515125 242 141 83 85 97 68 68 13 7 4 1
1553515656 242 141 84 85 97 68 68 13 7 4 1
1553516393 242 141 85 85 97 68 68 13 7 4 1
1553519865 242 141 85 85 97 69 68 13 7 4 1
1553520849 243 141 86 85 97 69 68 13 7 4 1
1553520872 244 141 86 85 97 69 68 13 7 4 1
1553524003 245 141 86 85 97 69 68 13 7 4 1
1553527858 245 142 86 85 97 69 68 13 7 4 1
1553528654 245 142 86 86 97 69 68 13 7 4 1
1553536364 245 142 86 87 97 69 68 13 7 4 1
1553538371 245 142 86 88 97 69 68 13 7 4 1
1553548113 245 143 86 88 97 69 68 13 7 4 1
1553548414 245 144 86 88 97 69 68 13 7 4 1
1553548849 245 145 86 88 97 69 68 13 7 4 1
1553596910 245 145 86 89 97 69 68 13 7 4 1
1553598433 245 146 86 89 97 69 68 13 7 4 1
1553599053 245 147 86 89 97 69 68 13 7 4 1
1553600402 245 147 87 89 97 69 68 13 7 4 1
1553600463 245 147 88 89 97 69 68 13 7 4 1
1553601127 245 147 89 89 97 69 68 13 7 4 1
1553602688 245 147 90 89 97 69 68 13 7 4 1
1553604875 245 148 90 89 97 69 68 13 7 4 1
1553605542 245 148 91 89 97 69 68 13 7 4 1
1553610278 245 148 91 89 97 70 68 13 7 4 1
1553612772 245 148 91 89 97 71 68 13 7 4 1
1553613635 245 149 91 89 97 71 68 13 7 4 1
1553616061 245 149 91 90 97 71 68 13 7 4 1
1553619595 246 149 91 90 97 71 68 13 7 4 1
1553622326 246 149 91 91 97 71 68 13 7 4 1
1553625417 246 149 91 92 97 71 68 13 7 4 1
1553625581 246 149 91 93 97 71 68 13 7 4 1
1553626163 246 149 91 93 97 72 68 13 7 4 1
1553627424 246 149 91 94 97 72 68 13 7 4 1
1553628693 246 150 91 94 97 72 68 13 7 4 1
1553631347 247 150 91 94 97 72 68 13 7 4 1
1553632480 248 150 91 94 97 72 68 13 7 4 1
1553632705 248 151 91 94 97 72 68 13 7 4 1
1553634324 248 152 91 94 97 72 68 13 7 4 1
1553635908 249 152 91 94 97 72 68 13 7 4 1
1553635930 249 153 91 94 97 72 68 13 7 4 1
1553637319 249 154 91 94 97 72 68 13 7 4 1
1553638925 250 154 91 94 97 72 68 13 7 4 1
1553639470 251 155 91 94 97 72 68 13 7 4 1
1553640486 252 155 91 94 97 72 68 13 7 4 1
1553640595 253 155 91 94 97 72 68 14 7 4 1
1553640749 254 155 91 94 97 72 68 14 7 4 1
1553640767 255 155 91 94 97 72 68 14 7 4 1
1553641979 256 155 91 94 97 72 68 14 7 4 1
1553682359 256 155 91 95 97 72 68 14 7 4 1
1553685122 257 155 91 95 97 72 68 14 7 4 1
1553685715 257 155 92 95 97 72 68 14 7 4 1
1553685884 257 155 93 95 97 72 68 14 7 4 1
1553687192 257 155 93 95 97 73 68 14 7 4 1
1553687473 257 155 94 95 97 73 68 14 7 4 1
1553688354 257 156 94 95 97 73 68 14 7 4 1
1553688474 257 156 95 95 97 73 68 14 7 4 1
1553689878 257 157 95 95 97 73 68 14 7 4 1
1553689884 257 157 95 96 97 73 68 14 7 4 1
1553689894 257 157 95 97 97 73 68 14 7 4 1
1553690562 257 157 95 97 98 73 68 14 7 4 1
1553691448 258 157 95 97 98 73 68 14 7 4 1
1553691688 258 157 95 98 98 73 68 14 7 4 1
1553691739 259 157 95 98 98 73 68 14 7 4 1
1553691898 260 157 95 98 98 73 68 14 7 4 1
1553692224 260 157 95 98 99 73 68 14 7 4 1
1553692480 260 157 95 99 99 73 68 14 7 4 1
1553692487 260 157 95 100 99 73 68 14 7 4 1
1553692912 261 157 95 100 99 73 68 14 7 4 1
1553694859 261 157 95 100 99 74 68 14 7 4 1
1553695463 261 158 95 100 99 74 68 14 7 4 1
1553695666 261 158 95 100 100 74 68 14 7 4 1
1553695895 261 158 95 101 100 74 68 14 7 4 1
1553695900 261 158 95 102 100 74 68 14 7 4 1
1553696181 261 159 95 102 100 74 68 14 7 4 1
1553696383 261 159 95 103 100 74 68 14 7 4 1
1553696797 261 159 96 103 100 74 68 14 7 4 1
1553696949 261 159 97 103 100 74 68 14 7 4 1
1553697078 261 159 98 103 100 74 68 14 7 4 1
1553697136 261 159 99 103 100 74 68 14 7 4 1
1553697491 261 160 99 103 100 74 68 14 7 4 1
1553697542 261 161 99 103 100 74 68 14 7 4 1
1553697934 262 161 99 103 100 74 68 14 7 4 1
1553698345 263 161 99 103 100 74 68 14 7 4 1
1553698740 263 161 99 103 100 75 68 14 7 4 1
1553699178 263 161 99 103 100 76 68 14 7 4 1
1553702097 263 161 100 103 100 76 68 14 7 4 1
1553702779 263 162 100 103 100 76 68 14 7 4 1
1553702893 263 163 100 103 100 76 68 14 7 4 1
1553704514 263 164 100 103 100 76 68 14 7 4 1
1553706054 263 165 100 103 100 76 68 14 7 4 1
1553706058 264 165 100 103 100 76 68 14 7 4 1
1553707185 264 165 101 103 100 76 68 14 7 4 1
1553707815 264 165 102 103 100 76 68 14 7 4 1
1553708158 264 165 103 103 100 76 68 14 7 4 1
1553708556 264 165 104 103 100 76 68 14 7 4 1
1553709449 265 165 104 103 100 76 68 14 7 4 1
1553709453 266 166 104 103 100 76 68 14 7 4 1
1553713408 267 166 104 103 100 76 68 14 7 4 1
1553713751 267 167 104 103 100 76 68 14 7 4 1
1553713927 268 167 104 103 100 77 68 14 7 4 1
1553714181 271 167 104 103 100 78 68 14 7 4 1
1553714373 271 168 104 103 100 78 68 14 7 4 1
1553718075 271 168 104 103 100 79 68 14 7 4 1
1553720706 271 169 104 103 100 79 68 14 7 4 1
1553720814 271 169 104 104 100 79 68 14 7 4 1
1553720820 271 169 104 105 100 79 68 14 7 4 1
1553721154 271 169 104 106 100 79 68 14 7 4 1
1553721731 271 169 104 106 100 80 68 14 7 4 1
1553721762 271 169 104 106 100 81 68 14 7 4 1
1553722188 271 169 104 107 100 81 68 14 7 4 1
1553725249 271 170 104 107 100 81 68 14 7 4 1
1553725294 271 170 104 108 100 81 68 14 7 4 1
1553725307 271 170 104 109 100 81 68 14 7 4 1
1553726083 271 170 104 109 100 82 68 14 7 4 1
1553726287 271 171 104 109 100 82 68 14 7 4 1
1553728398 271 171 104 109 100 83 68 14 7 4 1
1553728443 272 171 104 109 100 83 68 14 7 4 1
1553731864 273 171 104 109 100 83 68 14 7 4 1
1553733010 273 171 104 109 101 83 68 14 7 4 1
1553733586 273 171 104 109 102 83 68 14 7 4 1
1553733645 273 171 104 109 103 83 68 14 7 4 1
1553769659 273 171 104 109 103 84 68 14 7 4 1
1553770556 273 171 104 109 103 85 68 14 7 4 1
1553773870 273 171 105 109 103 85 68 14 7 4 1
1553773898 273 171 105 109 103 86 68 14 7 4 1
1553773904 273 171 105 109 103 87 68 14 7 4 1
1553776419 273 171 105 110 103 87 68 14 7 4 1
1553776901 273 171 106 110 103 87 68 14 7 4 1
1553776911 273 171 107 110 103 87 68 14 7 4 1
1553777034 273 171 107 110 103 88 68 14 7 4 1
1553777449 273 171 107 110 103 89 68 14 7 4 1
1553777870 273 171 108 110 103 89 68 14 7 4 1
1553777891 273 171 109 110 103 89 68 14 7 4 1
1553779269 273 172 109 110 103 89 68 14 7 4 1
1553780526 273 172 110 110 103 89 68 14 7 4 1
1553784670 273 173 110 110 103 89 68 14 7 4 1
1553784688 273 173 110 110 103 90 68 14 7 4 1
1553785710 274 173 110 110 103 91 68 14 7 4 1
1553788351 275 173 110 110 103 91 68 14 7 4 1
1553788592 276 176 110 110 103 91 68 14 7 4 1
1553789589 277 176 110 110 103 91 68 14 7 4 1
1553789716 278 176 110 110 103 91 68 14 7 4 1
1553791005 278 177 110 110 103 91 68 14 7 4 1
1553791014 279 177 110 110 103 91 68 14 7 4 1
1553791067 279 178 110 110 103 91 68 14 7 4 1
1553791590 279 179 110 110 103 91 68 14 7 4 1
1553791869 280 179 110 110 103 91 68 14 7 4 1
1553793055 281 179 110 110 103 91 68 14 7 4 1
1553793618 281 180 110 110 103 91 68 14 7 4 1
1553794034 282 180 110 110 103 91 68 14 7 4 1
1553796999 282 181 110 110 103 91 68 14 7 4 1
1553800332 282 182 110 110 103 91 68 14 7 4 1
1553800469 282 183 110 110 103 91 68 14 7 4 1
1553801586 282 184 110 110 103 91 68 14 7 4 1
1553802166 282 185 110 110 103 91 68 14 7 4 1
1553803146 282 186 110 110 103 91 68 14 7 4 1
1553803746 283 186 110 110 103 91 68 14 7 4 1
1553804520 283 186 110 110 103 92 68 14 7 4 1
1553805239 283 187 110 110 103 92 68 14 7 4 1
1553805253 283 188 110 110 103 92 68 14 7 4 1
1553807345 283 188 110 110 103 93 68 14 7 4 1
1553807976 283 188 110 110 103 94 68 14 7 4 1
1553808035 283 189 110 110 103 94 68 14 7 4 1
1553812263 285 189 110 110 103 94 68 14 7 4 1
1553812955 286 189 110 110 103 94 68 14 7 4 1
1553816069 286 189 110 111 103 94 68 14 7 4 1
1553853875 286 189 110 111 103 95 68 14 7 4 1
1553854018 286 189 110 111 104 95 68 14 7 4 1
1553854067 286 190 110 111 104 95 68 14 7 4 1
1553854179 286 190 110 111 104 96 68 14 7 4 1
1553855391 286 190 110 112 104 96 68 14 7 4 1
1553855551 286 190 110 113 104 96 68 14 7 4 1
1553855975 286 190 111 113 104 96 68 14 7 4 1
1553855989 286 190 112 113 104 96 68 14 7 4 1
1553856250 286 190 113 113 104 96 68 14 7 4 1
1553856713 286 190 113 113 105 96 68 14 7 4 1
1553857370 286 190 113 113 106 96 68 14 7 4 1
1553858652 287 190 113 113 106 96 68 14 7 4 1
1553859218 287 190 113 113 107 96 68 14 7 4 1
1553859514 287 191 113 113 107 96 68 14 7 4 1
1553859603 287 191 114 113 107 96 68 14 7 4 1
1553859996 287 191 114 113 108 96 68 14 7 4 1
1553860006 287 191 114 113 109 96 68 14 7 4 1
1553860047 287 191 114 113 110 96 68 14 7 4 1
1553861512 287 191 114 113 111 96 68 14 7 4 1
1553861570 287 191 114 113 112 96 68 14 7 4 1
1553862005 287 191 114 114 112 96 68 14 7 4 1
1553862428 287 192 114 114 112 96 68 14 7 4 1
1553862564 287 192 114 114 112 97 68 14 7 4 1
1553864074 288 192 114 114 112 97 68 14 7 4 1
1553864200 289 192 114 114 112 97 68 14 7 4 1
1553864247 290 192 114 114 112 97 68 14 7 4 1
1553864470 291 192 114 114 112 97 68 14 7 4 1
1553865044 291 193 114 114 112 97 68 14 7 4 1
1553865092 292 193 114 114 112 97 68 14 7 4 1
1553865576 292 193 115 114 112 97 68 14 7 4 1
1553865587 292 193 116 114 112 97 68 14 7 4 1
1553865775 293 193 116 114 112 97 68 14 7 4 1
1553866661 294 193 116 114 112 97 68 14 7 4 1
1553866839 295 193 116 114 112 97 68 14 7 4 1
1553867838 295 194 116 114 112 97 68 14 7 4 1
1553868010 295 194 116 114 112 98 68 14 7 4 1
1553868022 295 194 116 114 112 99 68 14 7 4 1
1553868040 295 194 117 114 112 99 68 14 7 4 1
1553868642 296 194 117 114 112 99 68 14 7 4 1
1553869377 296 194 118 114 112 99 68 14 7 4 1
1553870238 297 194 118 114 112 99 68 14 7 4 1
1553870696 298 194 118 114 112 99 68 14 7 4 1
1553871142 298 195 118 114 112 99 68 14 7 4 1
1554814138 299 195 118 114 112 99 68 14 7 4 1
1554814559 300 195 118 114 112 99 68 14 7 4 1
1554814978 301 195 118 114 112 99 68 14 7 4 1
1554818388 302 195 118 114 112 99 68 14 7 4 1
1554830668 303 195 118 114 112 99 68 14 7 4 1
1554830995 304 195 118 114 112 99 68 14 7 4 1
1554833064 305 195 118 114 112 99 68 14 7 4 1
1554885268 306 195 118 114 112 99 68 14 7 4 1
1554887682 307 195 118 114 112 99 68 14 7 4 1
1554888512 308 195 118 114 112 99 68 14 7 4 1
1554979934 309 195 118 114 112 99 68 14 7 4 1
1554981342 310 195 118 114 112 99 68 14 7 4 1
