1547626186 1 0 0 0 0 0 0 0 0 0 0
1547809988 108 0 0 0 0 0 0 0 0 0 0
1547810063 122 0 0 0 0 0 0 0 0 0 0
1548001147 122 3 0 0 0 0 0 0 0 0 0
1548006988 122 3 0 0 0 0 0 0 0 0 0
1548010949 122 103 0 0 0 0 0 0 0 0 0
1548177650 137 103 0 0 0 0 0 0 0 0 0
1548177758 218 103 0 0 0 0 0 0 0 0 0
1548178127 218 103 0 0 0 0 0 0 0 0 0
1548178273 266 103 0 0 0 0 0 0 0 0 0
1548178758 266 103 0 0 0 0 0 0 0 0 0
1548187952 287 103 0 0 0 0 0 0 0 0 0
1548187984 291 103 0 0 0 0 0 0 0 0 0
1548187995 300 103 0 0 0 0 0 0 0 0 0
1548188022 343 103 0 0 0 0 0 0 0 0 0
1548188099 343 103 0 0 0 0 0 0 0 0 0
1548241019 343 103 0 0 0 0 0 0 0 0 0
1548250283 343 103 0 0 0 34 0 0 0 0 0
1548252162 501 103 0 0 0 34 0 0 0 0 0
1548252178 826 103 0 0 0 34 0 0 0 0 0
1548252293 826 103 0 0 0 34 0 0 0 0 0
1548252381 826 103 0 0 0 34 0 0 0 0 0
1548252961 826 103 0 0 0 34 0 0 0 0 0
1548253165 826 103 0 0 0 34 0 0 0 0 0
1548253673 829 103 0 0 0 34 0 0 0 0 0
1548256346 829 103 0 0 0 188 0 0 0 0 0
1548257636 829 103 0 0 0 246 0 0 0 0 0
1548284299 829 104 0 0 0 246 0 0 0 0 0
1548284385 829 107 0 0 0 246 0 0 0 0 0
1548284644 829 110 0 0 0 246 0 0 0 0 0
1548284754 829 110 0 0 0 246 0 0 0 0 0
1548284945 829 114 0 0 0 246 0 0 0 0 0
1548288917 829 145 0 0 0 246 0 0 0 0 0
1548289056 829 147 0 0 0 246 0 0 0 0 0
1548340339 1038 147 0 0 0 246 0 0 0 0 0
1548369122 1038 242 0 0 0 246 0 0 0 0 0
1548413061 1038 256 0 0 0 246 0 0 0 0 0
1548427520 1038 316 0 0 0 246 0 0 0 0 0
1548433564 1038 316 0 0 0 247 0 0 0 0 0
1548511432 1038 316 0 0 0 247 0 0 0 0 0
1548512640 1042 316 0 0 0 247 0 0 0 0 0
1548512698 1046 316 0 0 0 247 0 0 0 0 0
1548513095 1047 316 0 0 0 247 0 0 0 0 0
1548513157 1047 316 0 0 0 247 0 0 0 0 0
1548528400 1206 316 0 0 0 247 0 0 0 0 0
1548528496 1206 316 0 0 0 247 0 0 0 0 0
1548528835 1533 316 0 0 0 247 0 0 0 0 0
1548529004 2334 316 0 0 0 247 0 0 0 0 0
1548529894 2334 316 0 0 0 247 0 0 0 0 0
1548530397 2340 316 0 0 0 247 0 0 0 0 0
1548530460 2342 316 0 0 0 247 0 0 0 0 0
1548530747 2344 316 0 0 0 247 0 0 0 0 0
1548530847 2344 316 0 0 0 247 0 0 0 0 0
1548592383 2344 316 0 0 0 380 0 0 0 0 0
1548592955 2344 316 0 0 0 410 0 0 0 0 0
1548598875 2440 316 0 0 0 410 0 0 0 0 0
1548599604 2449 316 0 0 0 410 0 0 0 0 0
1548600240 2450 316 0 0 0 410 0 0 0 0 0
1548607442 2450 316 0 0 0 464 0 0 0 0 0
1548610733 2450 316 0 0 0 464 0 0 5 0 0
1548612037 2450 316 0 0 0 464 0 0 53 0 0
1548615843 2450 316 0 0 0 464 0 0 96 0 0
1548668511 2450 316 0 0 0 499 0 0 96 0 0
1548668559 2450 316 0 0 0 499 0 0 170 0 0
1548668850 2643 316 0 0 0 499 0 0 170 0 0
1548677541 2643 316 0 0 0 499 0 0 199 0 0
1548684167 2643 316 0 0 0 499 0 0 199 0 0
1548688012 2643 316 0 0 0 521 0 0 199 0 0
1548689290 2643 316 0 0 0 571 0 0 199 0 0
1548689381 2643 316 0 0 0 571 0 0 199 0 0
1548689471 2643 316 0 0 0 571 0 0 199 0 0
1548762157 2643 316 0 0 0 571 0 0 369 0 0
1548762532 2643 316 0 0 0 571 0 0 369 0 0
1548855798 2643 316 0 0 0 1989 0 0 369 0 0
1548855937 2690 316 0 0 0 1989 0 0 369 0 0
1548856054 2699 316 0 0 0 1989 0 0 369 0 0
1548856333 2702 316 0 0 0 1989 0 0 369 0 0
1548873926 2727 316 0 0 0 1989 0 0 369 0 0
1548874103 2733 316 0 0 0 1989 0 0 369 0 0
1548874171 2751 316 0 0 0 1989 0 0 369 0 0
1548875612 2855 316 0 0 0 1989 0 0 369 0 0
1548876180 3011 316 0 0 0 1989 0 0 369 0 0
1548876613 3233 316 0 0 0 1989 0 0 369 0 0
1548877713 3236 316 0 0 0 1989 0 0 369 0 0
1548943506 3236 316 0 0 0 1989 0 114 369 0 0
1548950147 3237 316 0 0 0 1989 0 114 369 0 0
1548950174 3243 316 0 0 0 1989 0 114 369 0 0
1548951084 3243 316 0 0 0 2106 0 114 369 0 0
1548951262 3243 316 0 0 0 2106 0 114 369 0 0
1548951723 3243 316 0 0 0 2106 0 114 369 0 0
1548951858 3243 316 0 0 0 2146 0 114 369 0 0
1548952138 3243 316 0 0 0 2147 0 114 369 0 0
1548954497 3256 316 0 0 0 2147 0 114 369 0 0
1548957025 4231 316 0 0 0 2147 0 114 369 0 0
1549017728 4231 316 0 0 0 2147 0 190 369 0 0
1549019071 4231 316 0 0 0 2147 0 212 369 0 0
1549019866 4231 316 0 0 0 2147 0 370 369 0 0
1549023645 4231 316 0 0 0 2147 0 407 369 0 0
1549025199 4231 316 172 0 0 2147 0 407 369 0 0
1549025524 4231 316 172 0 0 2147 0 415 369 0 0
1549025719 4231 316 173 0 0 2147 0 415 369 0 0
1549026429 4231 316 175 0 0 2147 0 415 369 0 0
1549026523 4231 316 175 0 0 2147 0 415 369 0 0
1549026784 4231 316 175 0 0 2147 0 431 369 0 0
1549026909 4231 316 175 0 0 2147 44 431 369 0 0
1549027455 4231 316 175 0 0 2147 57 431 369 0 0
1549027702 4231 316 175 0 0 2147 114 431 369 0 0
1549027712 4231 316 175 0 0 2147 114 1044 369 0 0
1549031532 4231 316 194 0 0 2147 114 1044 369 0 0
1549033906 4231 316 194 0 0 2147 126 1044 369 0 0
1549150032 4231 316 194 0 0 2147 147 1044 369 0 0
1549151537 4231 316 194 0 0 2147 172 1044 369 0 0
1549151600 4231 316 194 0 0 2147 191 1044 369 0 0
1549151611 4231 316 194 0 0 2147 203 1044 369 0 0
1549154154 4231 316 194 0 0 2147 232 1044 369 0 0
1549154194 4231 316 194 0 0 2147 262 1044 369 0 0
1549211807 4231 316 299 0 0 2147 262 1044 369 0 0
1549303346 4231 318 299 0 0 2147 262 1044 369 0 0
1549303974 4231 318 299 0 0 2147 262 1044 369 0 0
1549369082 4594 318 299 0 0 2147 262 1044 369 0 0
1549369782 4594 318 299 0 0 2147 262 1190 369 0 0
1549369785 4594 318 299 0 0 2147 262 1190 369 0 0
1549370616 4594 318 299 0 0 2147 319 1190 369 0 0
1549371136 4594 318 299 0 0 2147 319 1190 369 0 0
1549371585 4594 318 339 0 0 2147 319 1190 369 0 0
1549374750 4594 318 339 0 0 2147 319 1190 369 0 0
1549378608 4594 318 383 0 0 2147 319 1190 369 0 0
1549379395 4594 318 383 0 0 2147 319 1190 369 0 0
1549456253 4594 318 383 0 0 2147 319 1190 369 0 0
1549470037 4594 318 383 0 0 2147 366 1190 369 0 0
1549470456 4594 318 383 0 0 2147 377 1190 369 0 0
1549470548 4898 318 383 0 0 2147 377 1190 369 0 0
1549471274 4973 318 383 0 0 2147 377 1190 369 0 0
1549578780 4973 820 383 0 0 2147 377 1190 369 0 0
1549627779 4973 820 383 0 0 2147 2094 1190 369 0 0
1549628020 4973 820 383 0 0 2147 2094 1190 369 0 0
1549628487 4973 820 555 0 0 2147 2094 1190 369 0 0
1549628774 4973 840 555 0 0 2147 2094 1190 369 0 0
1549629381 5280 840 555 0 0 2147 2094 1190 369 0 0
1549629599 5281 840 555 0 0 2147 2094 1190 369 0 0
1549630091 5630 840 555 0 0 2147 2094 1190 369 0 0
1549630369 5630 840 555 0 0 2147 2116 1190 369 0 0
1549630440 5630 840 555 0 0 2147 2116 1190 369 0 0
1549630611 5630 840 611 0 0 2147 2116 1190 369 0 0
1549630666 5630 956 611 0 0 2147 2116 1190 369 0 0
1549631517 5630 997 611 0 0 2147 2116 1190 369 0 0
1549631677 5630 999 611 0 0 2147 2116 1190 369 0 0
1549631783 5630 999 627 0 0 2147 2116 1190 369 0 0
1549631844 5630 999 627 0 0 2147 2116 1729 369 0 0
1549632144 5630 999 627 0 0 2147 2198 1729 369 0 0
1549652154 5630 999 627 0 0 2147 2258 1729 369 0 0
1549740167 5630 1294 627 0 0 2147 2258 1729 369 0 0
1549740324 5630 1315 627 0 0 2147 2258 1729 369 0 0
1549740721 5630 1447 627 0 0 2147 2258 1729 369 0 0
1549758109 5630 1462 627 0 0 2147 2258 1729 369 0 0
1549760686 5630 1520 627 0 0 2147 2258 1729 369 0 0
1549797492 5630 1520 627 0 0 2147 2258 1729 369 0 0
1549797683 5630 1525 627 0 0 2147 2258 1729 369 0 0
1549819196 5630 1525 729 0 0 2147 2258 1729 369 0 0
1549836586 5729 1525 729 0 0 2147 2258 1729 369 0 0
1549843221 5729 1525 729 0 39 2147 2258 1729 369 0 0
1549898739 5729 1525 729 0 39 2147 2258 1729 369 0 0
1549973060 5729 1525 729 0 65 2147 2258 1729 369 0 0
1549973985 5729 1525 729 0 65 2302 2258 1729 369 0 0
1549975420 5729 1525 729 0 127 2302 2258 1729 369 0 0
1549976831 5729 1525 729 0 144 2302 2258 1729 369 0 0
1549977196 5729 1525 729 0 161 2302 2258 1729 369 0 0
1549977734 5729 1525 784 0 161 2302 2258 1729 369 0 0
1549978110 5729 1525 787 0 161 2302 2258 1729 369 0 0
1549978156 5729 1525 787 0 256 2302 2258 1729 369 0 0
1549978492 5729 1525 787 0 256 2302 2312 1729 369 0 0
1549978512 5729 1525 787 0 256 2302 2345 1729 369 0 0
1549987998 5729 1525 787 0 256 2302 2345 1729 369 0 0
1549988305 5729 1525 787 0 256 2302 2392 1729 369 0 0
1549988659 5729 1525 787 0 256 2302 2392 1729 369 0 0
1549988903 5729 1525 787 0 256 2302 2392 1729 369 0 0
1549989002 5729 1525 787 0 256 2302 2393 1729 369 0 0
1549989133 5729 1525 787 0 256 2302 2393 1729 369 0 0
1550014716 6695 1525 787 0 256 2302 2393 1729 369 0 0
1550158022 6695 1525 787 0 256 2302 2481 1729 369 0 0
1550158487 6695 1525 787 0 277 2302 2481 1729 369 0 0
1550228085 6695 1525 881 0 277 2302 2481 1729 369 0 0
1550230067 6695 1525 884 0 277 2302 2481 1729 369 0 0
1550230402 6695 1525 892 0 277 2302 2481 1729 369 0 0
1550231626 6695 1525 892 0 312 2302 2481 1729 369 0 0
1550232823 6695 1525 892 0 392 2302 2481 1729 369 0 0
1550232924 7410 1525 892 0 392 2302 2481 1729 369 0 0
1550233607 7410 1525 892 0 414 2302 2481 1729 369 0 0
1550233689 7410 1525 947 0 414 2302 2481 1729 369 0 0
1550233996 7413 1525 947 0 414 2302 2481 1729 369 0 0
1550236098 7413 1525 947 0 489 2302 2481 1729 369 0 0
1550236364 7413 1525 947 0 489 2302 2550 1729 369 0 0
1550236833 7413 1525 960 0 489 2302 2550 1729 369 0 0
1550237194 7413 1525 960 0 489 2444 2550 1729 369 0 0
1550238564 7413 1525 960 0 489 2454 2550 1729 369 0 0
1550238725 7413 1525 960 0 516 2454 2550 1729 369 0 0
1550239106 7413 1525 960 0 516 2468 2550 1729 369 0 0
1550239263 7413 1525 960 0 516 2468 2550 1729 369 0 0
1550240763 7413 1525 960 0 516 2724 2550 1729 369 0 0
1550241643 7413 1525 960 0 516 2724 2550 1729 369 0 0
1550241929 7413 1525 960 0 516 2724 2550 1729 369 0 0
1550242995 7413 1525 960 0 516 2724 2550 1729 369 0 0
1550242998 7413 1525 1051 0 516 2724 2550 1729 369 0 0
1550245679 7489 1525 1051 0 516 2724 2550 1729 369 0 0
1550271989 7489 1539 1051 0 516 2724 2550 1729 369 0 0
1550274705 7489 1544 1051 0 516 2724 2550 1729 369 0 0
1550275010 7489 1575 1051 0 516 2724 2550 1729 369 0 0
1550276296 7489 1576 1051 0 516 2724 2550 1729 369 0 0
1550345071 7489 1620 1051 0 516 2724 2550 1729 369 0 0
1550408963 7489 1620 1051 0 516 2724 2592 1729 369 0 0
1550410140 7489 1620 1051 0 516 2724 2609 1729 369 0 0
1550442666 7489 1764 1051 0 516 2724 2609 1729 369 0 0
1550446509 7489 1860 1051 0 516 2724 2609 1729 369 0 0
1550448231 7489 1860 1051 0 516 2724 2609 1729 369 0 0
1550484762 7489 1863 1051 0 516 2724 2609 1729 369 0 0
1550484828 7489 1863 1051 0 516 2724 2609 1729 369 0 0
1550484959 7500 1863 1051 0 516 2724 2609 1729 369 0 0
1550486485 7500 1880 1051 0 516 2724 2609 1729 369 0 0
1550489671 7500 1880 1068 0 516 2724 2609 1729 369 0 0
1550489764 7500 1880 1068 0 516 2899 2609 1729 369 0 0
1550489983 7500 1881 1068 0 516 2899 2609 1729 369 0 0
1550490040 7500 1881 1068 0 516 2902 2609 1729 369 0 0
1550490393 7942 1881 1068 0 516 2902 2609 1729 369 0 0
1550490553 7942 1881 1068 0 516 2902 2609 1729 369 0 0
1550490686 7942 1881 1068 0 516 2902 2609 1729 369 0 0
1550490889 7942 1881 1068 0 516 2902 2609 1729 369 0 0
1550490912 7942 1881 1068 0 516 2902 2609 1729 369 0 0
1550491545 7942 1881 1068 0 516 2904 2609 1729 369 0 0
1550491738 7942 1881 1068 0 516 2904 2609 1729 369 0 0
1550495717 7961 1881 1068 0 516 2904 2609 1729 369 0 0
1550496783 7961 1881 1068 0 526 2904 2609 1729 369 0 0
1550498656 7961 1881 1068 0 526 2904 2658 1729 369 0 0
1550498935 7961 1881 1068 0 526 2904 2658 1729 369 0 0
1550499147 7961 1881 1068 0 526 2904 4000 1729 369 0 0
1550499463 7961 1881 1068 0 526 2904 4001 1729 369 0 0
1550499959 7961 1881 1068 0 526 2904 4015 1729 369 0 0
1550500061 7961 1881 1068 0 526 2904 4017 1729 369 0 0
1550500135 7961 1881 1068 0 526 2904 4020 1729 369 0 0
1550500299 7961 1881 1068 0 526 2904 8272 1729 369 0 0
1550500636 7961 1881 1068 0 526 2904 8424 1729 369 0 0
1550500804 7961 1881 1068 0 526 2904 8425 1729 369 0 0
1550571937 7961 1881 1068 0 526 2904 8443 1729 369 0 0
1550573748 9026 1900 1068 0 526 3255 8443 1729 369 0 0
1550577652 9026 1900 1068 0 582 3255 8443 1729 369 0 0
1550577907 9026 1900 1077 0 582 3255 8443 1729 369 0 0
1550578328 9026 1900 1079 0 582 3255 8443 1729 369 0 0
1550578875 9026 1900 1079 0 603 3255 8443 1729 369 0 0
1550580039 9026 1900 1079 0 603 3255 8529 1729 369 0 0
1550580069 9026 1900 1139 0 603 3255 8529 1729 369 0 0
1550581333 9026 1900 1139 0 603 3362 8529 1729 369 0 0
1550581412 9026 1900 1146 0 603 3362 8529 1729 369 0 0
1550582082 9026 1900 1146 0 603 3362 8561 1729 369 0 0
1550582287 9026 1900 1146 0 603 3362 8580 1729 369 0 0
1550582596 9026 1900 1146 0 654 3362 8580 1729 369 0 0
1550582605 9026 1900 1146 0 654 3362 8597 1729 369 0 0
1550586788 9026 1900 1146 0 654 3380 8597 1729 369 0 0
1550587738 9026 1900 1146 0 654 3455 8597 1729 369 0 0
1550588388 9026 1900 1146 0 654 3460 8597 1729 369 0 0
1550588851 9026 1900 1146 0 1333 3460 8605 1729 369 0 0
1550589037 9026 1900 1146 0 1333 3460 8605 1729 369 0 0
1550589070 9026 1900 1146 0 1333 3460 8605 1729 369 0 0
1550590111 9026 1900 1146 0 1333 3818 8605 1729 369 0 0
1550590132 9026 1900 1146 0 1333 3818 8605 1729 369 0 0
1550590221 9026 1900 1146 0 1333 3818 8605 1729 369 0 0
1550591202 9026 1900 1146 0 1333 3874 8605 1729 369 0 0
1550591221 9026 1900 1146 0 1333 3895 8605 1729 369 0 0
1550591433 9026 1900 1146 0 1333 3895 8605 1729 369 0 0
1550591656 9026 1900 1146 0 1333 3895 8605 1729 369 0 0
1550591704 9026 1900 1146 0 1333 4235 8605 1729 369 0 0
1550592226 9026 1900 1146 0 1333 4245 8605 1729 369 0 0
1550592589 9026 1900 1175 0 1333 4245 8605 1729 369 0 0
1550593008 9026 1900 1175 0 1333 4245 8605 1729 369 0 0
1550593948 9026 1900 1184 0 1333 4245 8605 1729 369 0 0
1550594477 9026 1900 1184 0 1333 4245 8608 1729 369 0 0
1550594511 9026 1900 1184 0 1333 4245 8610 1729 369 0 0
1550594586 9026 1900 1184 0 1333 4325 8610 1729 369 0 0
1550603637 9507 1900 1184 0 1333 4325 8610 1729 369 0 0
1550605144 9537 1900 1184 0 1333 4325 8610 1729 369 0 0
1550605354 9556 1900 1184 0 1333 4325 8610 1729 369 0 0
1550605547 9564 1900 1184 0 1333 4325 8610 1729 369 0 0
1550605612 9564 1900 1184 0 1333 4325 8610 1729 369 0 0
1550656695 9564 1907 1184 0 1333 4325 8610 1729 369 0 0
1550659121 9564 1930 1184 0 1333 4325 8610 1729 369 0 0
1550659675 9564 1930 1184 0 1333 4325 8626 1729 369 0 0
1550660448 9613 1930 1184 0 1333 4325 8626 1729 369 0 0
1550661332 9613 1930 1255 0 1333 4325 8626 1729 369 0 0
1550661711 9613 1930 1261 0 1333 4325 8626 1729 369 0 0
1550661757 9613 1930 1261 0 1333 4325 8653 1729 369 0 0
1550661861 9613 1985 1261 0 1333 4325 8653 1729 369 0 0
1550663005 9621 1985 1261 0 1333 4325 8653 1729 369 0 0
1550663062 9621 1985 1261 0 1333 4325 8711 1729 369 0 0
1550663117 9621 1985 1281 0 1333 4325 8711 1729 369 0 0
1550664863 9621 1985 1281 0 1333 4325 8786 1729 369 0 0
1550665058 9621 1985 1281 0 1333 4429 8786 1729 369 0 0
1550666080 9621 1985 1301 0 1333 4429 8786 1729 369 0 0
1550666103 9621 1985 1301 0 1333 4429 8884 1729 369 0 0
1550667342 9621 1985 1305 0 1333 4429 8884 1729 369 0 0
1550667399 9621 1985 1305 0 1333 4429 8922 1729 369 0 0
1550667519 9621 1985 1305 0 1333 4429 8924 1729 369 0 0
1550671044 9621 2067 1305 0 1333 4429 8924 1729 369 0 0
1550672562 9621 2067 1305 0 1333 4429 9001 1729 369 0 0
1550673538 9621 2067 1305 0 1333 4518 9001 1729 369 0 0
1550674000 9621 2067 1305 0 1333 4518 9008 1729 369 0 0
1550674012 9621 2067 1305 0 1333 4518 9021 1729 369 0 0
1550674624 9621 2067 1310 0 1333 4518 9021 1729 369 0 0
1550675065 9621 2067 1310 0 1333 4726 9021 1729 369 0 0
1550675174 9621 2081 1310 0 1333 4726 9021 1729 369 0 0
1550676167 9621 2081 1310 0 1333 4726 9021 1729 369 0 0
1550676524 9621 2081 1310 0 1333 4732 9021 1729 369 0 0
1550676836 9621 2081 1313 0 1333 4732 9021 1729 369 0 0
1550676853 9621 2081 1313 0 1333 4732 9021 1729 369 0 0
1550677141 9621 2081 1313 0 1333 4748 9021 1729 369 0 0
1550677143 9621 2081 1313 0 1376 4748 9021 1729 369 0 0
1550677782 9621 2081 1313 0 1376 4748 9021 1729 369 0 0
1550678051 9621 2081 1313 0 1376 4748 9021 1729 369 0 0
1550678287 9621 2081 1313 0 1376 4748 9021 1729 369 0 0
1550678707 9670 2081 1313 0 1376 4748 9021 1729 369 0 0
1550679918 9670 2081 1313 0 1376 4748 9021 1729 369 0 0
1550679956 9670 2081 1313 0 1376 4778 9021 1729 369 0 0
1550682925 9691 2081 1313 0 1376 4778 9021 1729 369 0 0
1550692937 9691 2081 1313 0 1376 4840 9021 1729 369 0 0
1550697200 9913 2081 1313 0 1376 4840 9021 1729 369 0 0
1550742465 9913 2081 1313 7 1376 4840 9021 1729 369 0 0
1550742525 9913 2081 1313 7 1376 4863 9021 1729 369 0 0
1550746160 9913 2081 1313 44 1376 4863 9021 1729 369 0 0
1550747579 9913 2081 1313 54 1376 4863 9021 1729 369 0 0
1550751252 10063 2081 1313 54 1376 4863 9021 1729 369 0 0
1550752162 10213 2081 1313 102 1376 4886 9021 1729 369 0 0
1550754634 10213 2087 1313 102 1376 4886 9021 1729 369 0 0
1550755166 10213 2087 1313 171 1376 4886 9021 1729 369 0 0
1550755471 10213 2087 1313 171 1376 4888 9021 1729 369 0 0
1550755484 10213 2087 1313 171 1376 4888 9021 1729 369 0 0
1550755664 10213 2096 1313 171 1376 4888 9021 1729 369 0 0
1550756212 10213 2096 1353 171 1376 4888 9021 1729 369 0 0
1550756341 10213 2096 1353 171 1376 4888 9021 1729 369 0 0
1550756350 10213 2096 1353 171 1376 4888 9021 1729 369 0 0
1550756627 10213 2096 1353 171 1376 4920 9021 1729 369 0 0
1550756639 10213 2096 1353 171 1376 4920 9021 1729 369 0 0
1550756803 10213 2096 1370 171 1376 4920 9021 1729 369 0 0
1550756840 10213 2096 1370 180 1376 4920 9021 1729 369 0 0
1550757041 10213 2096 1370 180 1376 4920 9021 1729 369 0 0
1550757203 10213 2096 1370 180 1376 4920 9021 1729 369 0 0
1550757566 10213 2096 1412 180 1376 4920 9021 1729 369 0 0
1550757907 10213 2096 1412 227 1376 4920 9021 1729 369 0 0
1550758689 10213 2096 1448 227 1376 4920 9021 1729 369 0 0
1550758805 10213 2096 1454 227 1376 4920 9021 1729 369 0 0
1550759025 10213 2096 1454 227 1611 4920 9021 1729 369 0 0
1550763453 10213 2096 1454 227 1611 4920 9021 1729 369 0 0
1550763484 10213 2096 1454 227 1612 4920 9021 1729 369 0 0
1550763727 10213 2096 1477 227 1612 4920 9021 1729 369 0 0
1550763860 10213 2096 1477 227 1636 4920 9021 1729 369 0 0
1550764125 10213 2096 1477 227 1638 4920 9021 1729 369 0 0
1550764530 10213 2096 1477 227 1638 4920 9021 1729 369 0 0
1550771737 10797 2096 1477 227 1638 4920 9021 1729 369 0 0
1550771907 10797 2096 1477 227 1638 4920 9021 1729 369 0 0
1550779015 10797 2096 1483 227 1638 4920 9021 1729 369 0 0
1550779023 10797 2096 1483 227 1638 4920 9021 1729 369 0 0
1550779972 10797 2096 1488 227 1638 4920 9021 1729 369 0 0
1550829812 10797 2096 1488 227 1638 4920 9073 1729 369 0 0
1550849866 10797 2096 1497 227 1638 4920 9073 1729 369 0 0
1550938185 10797 2096 1497 227 1638 4920 9073 1729 369 0 0
1551018934 10797 2096 1544 227 1638 4920 9073 1729 369 0 0
1551111109 10797 2096 1544 227 1638 4920 9073 1729 369 0 0
1551184553 10797 2417 1544 227 1638 4920 9073 1729 369 0 0
1551184764 10797 2418 1544 227 1638 4920 9073 1729 369 0 0
1551191968 11640 2418 1544 227 1638 4920 9073 1729 369 0 0
1551192046 11641 2418 1544 227 1638 4920 9073 1729 369 0 0
1551192077 11648 2418 1544 227 1638 4920 9073 1729 369 0 0
1551192285 11650 2418 1544 227 1638 4920 9073 1729 369 0 0
1551274536 11650 2638 1544 227 1638 4920 9073 1729 369 0 0
1551277700 11650 2638 1544 227 1650 4920 9073 1729 369 0 0
1551288937 11650 2726 1544 227 1650 4920 9073 1729 369 0 0
1551352495 11650 2726 1544 227 1650 4920 9073 1729 369 0 0
1551352939 11650 2726 1544 227 1650 4920 9073 1729 369 0 0
1551354425 11710 2726 1544 227 1650 4920 9073 1729 369 0 0
1551360319 11778 2726 1544 227 1650 4920 9073 1729 369 0 0
1551367749 11778 2745 1544 227 1650 4920 9073 1729 369 0 0
1551368973 11866 2745 1544 227 1650 4920 9073 1729 369 0 0
1551430868 11866 2745 1544 232 1650 4920 9073 1729 369 0 0
1551435520 11866 2745 1544 294 1650 4920 9073 1729 369 0 0
1551436431 11866 2745 1544 308 1650 4920 9073 1729 369 0 0
1551439894 11866 2745 1581 308 1650 4920 9073 1729 369 0 0
1551439937 11866 2745 1581 308 1650 4920 9073 1729 369 0 0
1551441351 11866 2745 1581 309 1650 4920 9073 1729 369 0 0
1551441390 11866 2745 1581 309 1650 4920 9073 1729 369 0 0
1551442388 11866 2745 1581 314 1650 4920 9073 1729 369 0 0
1551443643 11866 2745 1581 314 1668 4920 9073 1729 369 0 0
1551443798 11866 2745 1581 317 1668 4920 9073 1729 369 0 0
1551443972 11866 2745 1581 317 1668 4920 9073 1729 369 0 0
1551444413 11866 2745 1581 317 1668 4920 9073 1729 369 0 0
1551446228 11866 2745 1581 317 1705 4920 9073 1729 369 0 0
1551447205 11866 2745 1587 317 1705 4920 9073 1729 369 0 0
1551456053 11866 2823 1587 317 1705 4920 9073 1729 369 0 0
1551475183 11866 2848 1587 317 1705 4920 9073 1729 369 0 0
1551536276 11866 2848 1587 317 1705 4920 9073 1729 369 0 0
1551536428 11866 2892 1587 317 1705 4920 9073 1729 369 0 0
1551699852 11866 2892 1631 317 1705 4920 9073 1729 369 0 0
1551709411 11866 2892 1631 370 1705 4920 9073 1729 369 0 0
1551716155 11866 2892 1631 393 1705 4920 9073 1729 369 0 0
1551722665 12114 2892 1631 393 1705 4920 9073 1729 369 0 0
1551788330 12114 2892 1643 393 1705 4920 9073 1729 369 0 0
1551789502 12114 2892 1643 393 1705 4920 9073 1729 369 0 0
1551789522 12114 2892 1643 393 1705 4920 9073 1729 369 0 0
1551789635 12114 2892 1643 444 1705 4920 9073 1729 369 0 0
1551789655 12114 2892 1643 444 1727 4920 9073 1729 369 0 0
1551789790 12139 2892 1643 444 1727 4920 9073 1729 369 0 0
1551789808 12139 2892 1643 444 1727 4920 9073 1729 369 0 0
1551789870 12139 2892 1643 444 1727 4920 9073 1729 369 0 0
1551790846 12139 2892 1643 458 1727 4920 9073 1729 369 0 0
1551790894 12139 2892 1643 476 1727 4920 9073 1729 369 0 0
1551790990 12139 2892 1643 476 1766 4920 9073 1729 369 0 0
1551791186 12139 2892 1643 482 1766 4920 9073 1729 369 0 0
1551791326 12139 2892 1643 482 1766 4960 9073 1729 369 0 0
1551791624 12139 2892 1643 482 1766 4960 9073 1729 369 0 0
1551791764 12139 2892 1643 482 1769 4960 9073 1729 369 0 0
1551791812 12139 2892 1643 482 1769 4960 9073 1729 369 0 0
1551792091 12139 2892 1643 533 1769 4960 9073 1729 369 0 0
1551792289 12139 2892 1643 1380 1769 4960 9073 1729 369 0 0
1551792444 12139 2892 1643 1380 1789 4960 9073 1729 369 0 0
1551792809 12139 2892 1643 1587 1966 4960 9121 1729 369 0 0
1551793685 12139 2892 1643 1587 2017 4960 9121 1729 369 0 0
1551799345 12139 2892 1643 1598 2017 4960 9121 1729 369 0 0
1551799398 12225 2892 1643 1598 2017 4960 9121 1729 369 0 0
1551799500 12225 2892 1643 1623 2017 4960 9121 1729 369 0 0
1551800421 12225 2892 1687 1623 2017 4960 9121 1729 369 0 0
1551801021 12225 2892 1688 1623 2017 4960 9121 1729 369 0 0
1551801151 12250 2892 1688 1623 2017 4960 9121 1729 369 0 0
1551802546 12250 2892 1688 1623 2017 4960 9121 1729 369 0 0
1551803135 12298 2892 1688 3141 2017 4960 9121 1729 369 0 0
1551871133 12298 2892 1786 3141 2017 4960 9121 1729 369 0 0
1551882519 13906 2892 1786 3141 2017 4960 9121 1729 369 0 0
1551887062 13906 2903 1786 3141 2017 4960 9121 1729 369 0 0
1551954566 13906 2903 1786 3175 2017 4960 9121 1729 369 0 0
1551954634 13906 2903 1786 3179 2017 4960 9121 1729 369 0 0
1551954662 13906 2903 1786 3239 2017 4960 9121 1729 369 0 0
1551959119 13909 2903 1786 3239 2017 4960 9121 1729 369 0 0
1551963083 13909 2903 1786 3239 2024 4960 9121 1729 369 0 0
1551966337 13925 2903 1786 3239 2024 4960 9121 1729 369 0 0
1551966787 13925 2903 1786 3239 2024 4960 9121 1729 369 0 0
1551967160 13925 2903 1786 3360 2024 4960 9121 1729 369 0 0
1551967174 13925 2903 1786 3360 2048 4960 9121 1729 369 0 0
1551967201 14387 2903 1786 3360 2048 4960 9121 1729 369 0 0
1551967354 14387 2903 1786 3364 2048 4960 9121 1729 369 0 0
1551968772 14387 2903 1786 3390 2048 4960 9121 1729 369 0 0
1551969146 14387 2904 1786 3390 2048 4960 9121 1729 369 0 0
1551969375 14387 2904 1786 3390 2057 4960 9121 1729 369 0 0
1551970580 17742 2904 1786 3390 2057 4960 9135 1729 369 0 0
1551971054 17742 2904 1793 3560 2570 4960 9135 1729 369 0 0
1551972159 17742 2904 1793 3560 2570 4960 9135 1729 369 0 0
1551972901 17742 2904 1793 3560 2759 4960 9135 1729 369 0 0
1551973282 17742 2904 1793 3560 2759 4960 9135 1729 369 0 0
1551973624 17742 2904 1793 3560 2782 4960 9135 1729 369 0 0
1551974633 17742 2904 1793 3560 2792 4960 9135 1729 369 0 0
1551975267 17802 2904 1793 3560 2792 4960 9135 1729 369 0 0
1551976085 17802 2904 1793 3560 2802 4960 9135 1729 369 0 0
1551978029 17814 2904 1793 3560 2802 4960 9135 1729 369 0 0
1552039568 17814 2904 1793 3608 2802 4960 9135 1729 369 0 0
1552040330 17814 2909 1793 3608 2802 4960 9135 1729 369 0 0
1552040672 17814 2909 1793 3608 2802 4960 9135 1729 369 0 0
1552040686 17814 2909 1793 3608 2802 4960 9135 1729 369 0 0
1552045048 17814 2909 1861 3608 2802 4960 9135 1729 369 0 0
1552049511 17814 2909 1861 3608 2904 4960 9135 1729 369 0 0
1552050324 17814 2909 1861 3608 2952 4960 9135 1729 369 0 0
1552050423 17814 2930 1861 3608 2952 4960 9135 1729 369 0 0
1552051492 17814 2930 1861 3835 2952 4960 9135 1729 369 0 0
1552051850 17814 2930 1891 3835 2952 4960 9135 1729 369 0 0
1552052522 17814 2930 1891 3835 2977 4960 9135 1729 369 0 0
1552060721 17814 2930 1891 3840 2977 4960 9135 1729 369 0 0
1552061024 17814 2930 1891 3840 3017 4960 9135 1729 369 0 0
1552061127 17814 2930 1891 3840 3017 4960 9135 1729 369 0 0
1552063002 17814 2996 1891 3840 3017 4960 9135 1729 369 0 0
1552064175 17814 2996 1947 3840 3017 4960 9135 1729 369 0 0
1552065043 17814 2996 1947 3840 3039 4960 9135 1729 369 0 0
1552068239 17901 2996 1947 3840 3039 4960 9135 1729 369 0 0
1552068350 18034 2996 1947 3840 3039 4960 9135 1729 369 0 0
1552068664 18034 2996 1947 3840 3039 4960 9135 1729 369 0 0
1552068839 18042 2996 1947 3840 3039 4960 9135 1729 369 0 0
1552150258 18042 2996 1947 4074 3039 4960 9135 1729 369 0 0
1552152578 18042 2996 1947 4074 3039 4960 9135 1729 369 0 0
1552219649 18042 3004 1947 4074 3039 4960 9135 1729 369 0 0
1552220159 18048 3004 1947 4074 3039 4960 9135 1729 369 0 0
1552228172 18048 3101 1947 4074 3039 4960 9135 1729 369 0 0
1552236085 18203 3101 1947 4074 3039 4960 9135 1729 369 0 0
1552243196 18216 3101 1947 4074 3039 4960 9135 1729 369 0 0
1552304382 18216 3101 2078 4074 3039 4960 9135 1729 369 0 0
1552312199 18216 3101 2078 4082 3039 4960 9135 1729 369 0 0
1552313084 18216 3101 2105 4082 3039 4960 9135 1729 369 0 0
1552313908 18216 3101 2105 4107 3039 4960 9135 1729 369 0 0
1552315232 18216 3101 2105 4107 3039 4960 9135 1729 369 0 0
1552315325 18216 3101 2105 4138 3039 4960 9135 1729 369 0 0
1552318206 18701 3101 2105 4138 3039 4960 9135 1729 369 0 0
1552318555 19005 3278 2105 4138 3039 4960 9135 1729 369 0 0
1552321208 19005 3278 2142 4138 3039 4960 9135 1729 369 0 0
1552321242 19246 3278 2142 4138 3039 4960 9135 1729 369 0 0
1552321693 19256 3278 2142 4138 3039 4960 9135 1729 369 0 0
1552323871 19256 3278 2142 4290 3039 4960 9135 1729 369 0 0
1552324560 19256 3278 2142 4290 3039 4960 9135 1729 369 0 0
1552326920 19256 3278 2142 4290 3039 4960 9135 1729 369 0 0
1552328486 19259 3278 2142 4290 3039 4960 9135 1729 369 0 0
1552340267 19259 3288 2142 4290 3039 4960 9135 1729 369 0 0
1552340675 19259 3295 2142 4290 3039 4960 9135 1729 369 0 0
1552342488 19259 3299 2142 4290 3039 4960 9135 1729 369 0 0
1552342893 19259 3303 2142 4290 3039 4960 9135 1729 369 0 0
1552343133 19277 3303 2142 4290 3039 4960 9135 1729 369 0 0
1552343485 19282 3303 2142 4290 3039 4960 9135 1729 369 0 0
1552344523 19282 3309 2142 4290 3039 4960 9135 1729 369 0 0
1552346475 19282 3422 2142 4290 3039 4960 9135 1729 369 0 0
1552388790 19282 3436 2142 4290 3039 4960 9135 1729 369 0 0
1552388955 19282 3436 2142 4290 3039 4960 9135 1729 369 0 0
1552392096 19282 3436 2142 4296 3039 4960 9135 1729 369 0 0
1552395763 19282 3436 2142 4296 3039 4960 9135 1729 369 0 0
1552396124 19290 3436 2142 4404 3039 4960 9135 1729 369 0 0
1552396236 19290 3436 2142 4404 3039 4960 9135 1729 369 0 0
1552396574 19290 3436 2142 4404 3039 4960 9135 1729 369 0 0
1552397451 19290 3584 2142 4404 3039 4960 9135 1729 369 0 0
1552398680 19290 3584 2142 4436 3039 4960 9135 1729 369 0 0
1552400608 19556 3584 2142 4436 3039 4960 9135 1729 369 0 0
1552401353 19556 3584 2142 4436 3039 4960 9135 1729 369 0 0
1552401568 19560 3584 2142 4436 3039 4960 9135 1729 369 0 0
1552402099 19560 3584 2142 4436 3039 4960 9135 1729 369 0 0
1552402996 19560 3584 2142 4502 3039 4960 9135 1729 369 0 0
1552403369 19560 3638 2142 4502 3039 4960 9135 1729 369 0 0
1552403388 19560 3638 2142 4502 3039 4960 9135 1729 369 0 0
1552404263 19873 3638 2142 4502 3039 4960 9135 1729 369 0 0
1552404289 19873 3638 2142 4502 3039 4960 9135 1729 369 0 0
1552404986 20006 3638 2142 4502 3039 4960 9135 1729 369 0 0
1552405341 20006 3638 2142 4502 3039 4960 9135 1729 369 0 0
1552405639 20006 3638 2198 4502 3039 4960 9135 1729 369 0 0
1552405650 20371 3638 2198 4502 3039 4960 9135 1729 369 0 0
1552405751 20371 3638 2198 4502 3039 4960 9135 1729 369 0 0
1552405874 20372 3638 2198 4502 3039 4960 9135 1729 369 0 0
1552407618 20372 3638 2198 4502 3039 4960 9135 1729 369 0 0
1552407651 20594 3638 2198 4502 3039 4960 9135 1729 369 0 0
1552407792 20594 3640 2198 4502 3039 4960 9135 1729 369 0 0
1552408288 20594 3641 2198 4502 3039 4960 9135 1729 369 0 0
1552408450 20594 3643 2198 4502 3039 4960 9135 1729 369 0 0
1552408662 20630 3643 2198 4502 3039 4960 9135 1729 369 0 0
1552408694 20630 3643 2198 4635 3039 4960 9135 1729 369 0 0
1552408698 20630 3643 2198 4635 3039 4960 9135 1729 369 0 0
1552409464 20630 3643 2198 4635 3039 4960 9135 1729 369 0 0
1552409654 20630 3643 2198 4641 3039 4960 9135 1729 369 0 0
1552409938 20630 3643 2198 4641 3039 4960 9135 1729 369 0 0
1552410228 20652 3643 2198 4641 3039 4960 9135 1729 369 0 0
1552483642 20652 3643 2334 4641 3039 4960 9135 1729 369 0 0
1552485845 20652 3685 2334 4641 3039 4960 9135 1729 369 0 0
1552485856 20652 3685 2334 4641 3039 4960 9135 1729 369 0 0
1552486543 20667 3685 2334 4641 3039 4960 9135 1729 369 0 0
1552486662 20667 3685 2334 4641 3039 4960 9135 1729 369 0 0
1552486717 20667 3685 2334 4641 3039 4960 9135 1729 369 0 0
1552487281 20675 3685 2334 4641 3039 4960 9135 1729 369 0 0
1552489014 20729 3685 2334 4641 3039 4960 9135 1729 369 0 0
1552489337 20729 3936 2334 4641 3039 4960 9135 1729 369 0 0
1552489875 20759 3936 2334 4641 3039 4960 9135 1729 369 0 0
1552490910 20785 3936 2334 4641 3039 4960 9135 1729 369 0 0
1552490940 20785 3968 2334 4641 3039 4960 9135 1729 369 0 0
1552490959 20790 3968 2334 4641 3039 4960 9135 1729 369 0 0
1552490974 20790 3968 2334 4641 3039 4960 9135 1729 369 0 0
1552491966 20790 3970 2334 4641 3039 4960 9135 1729 369 0 0
1552492719 20887 3970 2334 4641 3039 4960 9135 1729 369 0 0
1552492834 20888 3970 2334 4641 3039 4960 9135 1729 369 0 0
1552493677 20897 3970 2334 4641 3039 4960 9135 1729 369 0 0
1552494466 20897 3980 2334 4641 3039 4960 9135 1729 369 0 0
1552495207 20968 3980 2334 4641 3039 4960 9135 1729 369 0 0
1552495215 20968 3980 2334 4641 3039 4960 9135 1729 369 0 0
1552495488 20974 3980 2334 4641 3039 4960 9135 1729 369 0 0
1552496931 20974 3980 2334 4641 3039 4960 9135 1729 369 0 0
1552497664 20974 4098 2334 4641 3039 4960 9135 1729 369 0 0
1552507916 20974 4098 2334 4641 3042 4960 9135 1729 369 0 0
1552523583 20974 4098 2334 4641 3042 4960 9135 1729 369 0 0
1552523859 20974 4098 2334 4641 3044 4960 9135 1729 369 0 0
1552524958 20974 4155 2334 4641 3044 4960 9135 1729 369 0 0
1552567280 21354 4155 2334 4641 3044 4960 9135 1729 369 0 0
1552572913 21354 4428 2334 4641 3044 4960 9135 1729 369 0 0
1552573153 21354 4443 2334 4641 3044 4960 9135 1729 369 0 0
1552573540 21354 4459 2334 4641 3044 4960 9135 1729 369 0 0
1552573858 21354 4459 2334 4769 3044 4960 9135 1729 369 0 0
1552574865 21354 4483 2334 4769 3044 4960 9135 1729 369 0 0
1552575037 21354 4494 2334 4769 3044 4960 9135 1729 369 0 0
1552575235 21354 4494 2334 4815 3044 4960 9135 1729 369 0 0
1552575478 21354 4494 2334 4863 3044 4960 9135 1729 369 0 0
1552578545 21354 4530 2334 4863 3044 4960 9135 1729 369 0 0
1552578894 21356 4533 2334 4863 3044 4960 9135 1729 369 0 0
1552579501 21356 4535 2334 4863 3044 4960 9135 1729 369 0 0
1552579512 21356 4535 2334 4863 3044 4960 9135 1729 369 0 0
1552591897 21356 4901 2334 4863 3044 4960 9135 1729 369 0 0
1552601576 21356 4903 2334 4863 3044 4960 9135 1729 369 0 0
1552606246 21356 4915 2334 4863 3044 4960 9135 1729 369 0 0
1552642312 21356 4915 2334 4881 3044 4960 9135 1729 369 0 0
1552663214 21356 4967 2334 4881 3044 4960 9135 1729 369 0 0
1552664966 21356 4967 2334 4891 3044 4960 9135 1729 369 0 0
1552665597 21356 4967 2334 4891 3105 4960 9135 1729 369 0 0
1552665867 21356 4988 2334 4891 3105 4960 9135 1729 369 0 0
1552665907 21356 5283 2334 4891 3105 4960 9135 1729 369 0 0
1552672506 21356 5283 2334 4891 3105 4960 9135 1729 369 0 0
1552674135 21356 5404 2334 4891 3105 4960 9135 1729 369 0 0
1552675917 21621 5404 2334 4891 3105 4960 9135 1729 369 0 0
1552676640 21911 5404 2334 4891 3105 4960 9135 1729 369 0 0
1552679996 21911 5671 2334 4891 3105 4960 9135 1729 369 0 0
1552684115 21934 5671 2334 4891 3105 4960 9135 1729 369 0 0
1552779741 25239 5671 2334 4891 3105 4960 9135 1729 369 0 0
1552824918 25325 5671 2334 4891 3105 4960 9135 1729 369 0 0
1552829319 25553 5671 2334 4891 3105 4960 9135 1729 369 0 0
1552832877 25790 5671 2334 4891 3105 4960 9135 1729 369 0 0
1552837781 26071 5671 2334 4891 3105 4960 9135 1729 369 0 0
1552843510 26112 5671 2334 4891 3105 4960 9135 1729 369 0 0
1552843679 26171 5671 2334 4891 3105 4960 9135 1729 369 0 0
1552844386 26171 5671 2334 4891 3105 4960 9135 1729 369 0 0
1552845292 26175 5671 2334 4891 3105 4960 9135 1729 369 0 0
1552868598 26175 5671 2466 4891 3105 4960 9135 1729 369 0 0
1552915315 26175 5671 2466 4891 3105 4960 9135 1729 369 0 0
1552916001 26175 5671 2466 4891 3266 4960 9135 1729 369 0 0
1552917660 26175 5671 2466 4891 3266 4960 9135 1729 369 621 0
1552918716 26175 5671 2466 4891 3373 4960 9135 1729 369 621 0
1552919089 26181 5671 2466 4891 3373 4960 9135 1729 369 621 0
1552919094 26181 5671 2466 4891 3375 4960 9135 1729 369 621 0
1552919124 26181 5671 2466 4891 3375 4960 9135 1729 369 621 0
1552920294 26181 5671 2510 4891 3375 4960 9135 1729 369 621 0
1552921067 26181 5671 2522 4891 3375 4960 9135 1729 369 621 0
1552922494 26181 5671 2564 4891 3375 4960 9135 1729 369 621 0
1552923372 26181 5671 2564 4891 3454 4960 9135 1729 369 621 0
1552925920 26181 5671 2564 5025 3454 4960 9135 1729 369 621 0
1552931505 26181 5746 2564 5025 3454 4960 9135 1729 369 621 0
1552932909 26181 5761 2564 5025 3454 4960 9135 1729 369 621 0
1552935970 26281 5761 2564 5025 3454 4960 9135 1729 369 621 0
1552942148 26281 5794 2564 5025 3454 4960 9135 1729 369 621 0
1552944934 26281 5807 2564 5025 3454 4960 9135 1729 369 621 0
1552945022 26288 5807 2564 5025 3454 4960 9135 1729 369 621 0
1552946780 26288 5823 2564 5025 3454 4960 9135 1729 369 621 0
1552946955 26307 5823 2564 5025 3454 4960 9135 1729 369 621 0
1552946984 26307 5823 2564 5025 3633 4960 9135 1729 369 621 0
1552994825 26307 5823 2564 5027 3633 4960 9135 1729 369 621 0
1552996862 26658 5823 2564 5027 3633 4960 9135 1729 369 621 0
1552998819 26658 5823 2651 5027 3633 4960 9135 1729 369 621 0
1553014353 26658 6066 2651 5027 3633 4960 9135 1729 369 621 0
1553014778 26871 6066 2651 5027 3633 4960 9135 1729 369 621 0
1553014935 26876 6066 2651 5027 3633 4960 9135 1729 369 621 0
1553019909 26927 6066 2651 5027 3633 4960 9135 1729 369 621 0
1553020628 27187 6066 2651 5027 3633 4960 9135 1729 369 621 0
1553021996 27187 6066 2651 5030 3633 4960 9135 1729 369 621 0
1553022748 27187 6066 2651 5030 3633 4960 9135 1729 369 621 0
1553023859 27187 6066 2651 5048 3633 4960 9135 1729 369 621 0
1553025159 27187 6066 2651 5055 3633 4960 9135 1729 369 621 0
1553025859 27187 6066 2651 5058 3633 4960 9135 1729 369 621 0
1553096163 27187 6066 2651 5058 3633 5281 9135 1729 369 621 0
1553096255 27187 6066 2651 5058 3633 5281 9135 1729 369 621 0
1553130149 27187 6098 2651 5058 3633 5281 9135 1729 369 621 0
1553168750 27187 6098 2651 5058 3633 5281 9135 1729 369 621 0
1553173262 27211 6098 2651 5058 3633 5281 9135 1729 369 621 0
1553173761 27211 6130 2651 5058 3633 5281 9135 1729 369 621 0
1553176855 27277 6130 2651 5058 3633 5281 9135 1729 369 621 0
1553177215 27277 6130 2651 5058 3633 5281 9135 1729 369 621 0
1553177388 27291 6130 2651 5058 3633 5281 9135 1729 369 621 0
1553177746 27291 6130 2651 5058 3633 5281 9135 1729 369 621 0
1553179199 27291 6130 2765 5058 3633 5281 9135 1729 369 621 0
1553179941 27291 6130 2765 5058 3633 5281 9135 1729 369 621 0
1553180729 27291 6130 2765 5058 3674 5281 9135 1729 369 621 0
1553182618 27291 6130 2765 5058 3710 5281 9135 1729 369 621 0
1553183292 27291 6130 2765 5095 3710 5281 9135 1729 369 621 0
1553183631 27291 6130 2765 5101 3710 5281 9135 1729 369 621 0
1553183933 27291 6130 2777 5101 3710 5281 9135 1729 369 621 0
1553185018 27610 6130 2777 5101 3710 5281 9135 1729 369 621 0
1553185085 27633 6130 2777 5101 3710 5281 9135 1729 369 621 0
1553185291 27633 6130 2777 5101 3714 5281 9135 1729 369 621 0
1553187383 27633 6130 2777 5101 3735 5281 9135 1729 369 621 0
1553188685 27881 6130 2777 5101 3735 5281 9135 1729 369 621 0
1553188969 27881 6130 2777 5101 3738 5281 9135 1729 369 621 0
1553193293 28036 6130 2777 5101 3738 5281 9135 1729 369 621 0
1553194630 28036 6443 2777 5101 3738 5281 9135 1729 369 621 0
1553196186 28117 6443 2777 5101 3738 5281 9135 1729 369 621 0
1553200385 28117 6528 2777 5101 3738 5281 9135 1729 369 621 0
1553203257 28166 6528 2777 5101 3738 5281 9135 1729 369 621 0
1553254652 28166 6528 2836 5101 3738 5281 9135 1729 369 621 0
1553257796 28166 6673 2836 5101 3738 5281 9135 1729 369 621 0
1553261078 28166 6673 2842 5101 3738 5281 9135 1729 369 621 0
1553261122 28166 6673 2843 5101 3738 5281 9135 1729 369 621 0
1553261783 29103 6673 2843 5101 3744 5302 9135 1729 369 621 0
1553263440 29161 6673 2843 5101 3744 5302 9135 1729 369 621 0
1553264543 29161 6673 2843 5101 3774 5302 9135 1729 369 621 0
1553266153 29161 6741 2843 5101 3774 5302 9135 1729 369 621 0
1553267240 29161 6741 2851 5101 3774 5302 9135 1729 369 621 0
1553268471 29161 6779 2851 5101 3774 5302 9135 1729 369 621 0
1553268853 29161 6779 2851 5101 3774 5325 9135 1729 369 621 0
1553269549 29161 6779 2894 5101 3774 5325 9135 1729 369 621 0
1553269660 29161 6818 2894 5101 3774 5325 9135 1729 369 621 0
1553270631 29161 6818 2913 5101 3774 5325 9135 1729 369 621 0
1553270810 29161 6818 2913 5101 3774 5325 9135 1729 369 621 0
1553272323 29161 6818 2913 5101 3774 5346 9135 1729 369 621 0
1553272371 29161 6818 2913 5101 3774 5346 9135 1729 693 621 0
1553275833 29161 6831 2913 5101 3774 5346 9135 1729 693 621 0
1553277535 29161 6852 2913 5101 3774 5346 9135 1729 693 621 0
1553300132 29278 6852 2913 5101 3774 5346 9135 1729 693 621 0
1553345089 29278 6949 2913 5101 3774 5346 9135 1729 693 621 0
1553345996 29278 6973 2913 5101 3774 5346 9135 1729 693 621 0
1553347967 29529 6973 2913 5101 3774 5346 9135 1729 693 621 0
1553349672 29529 7008 2913 5101 3774 5346 9135 1729 693 621 0
1553355032 29529 7056 2913 5101 3774 5346 9135 1729 693 621 0
1553356232 29529 7105 2913 5101 3774 5346 9135 1729 693 621 0
1553356978 29529 7115 2913 5101 3774 5346 9135 1729 693 621 0
1553361764 30077 7115 2913 5101 3774 5346 9135 1729 693 621 0
1553361870 30077 7115 2913 5101 3774 5346 9135 1729 693 621 0
1553362099 30077 7115 2913 5101 3774 5346 9135 1729 693 621 0
1553362758 30077 7195 2913 5101 3774 5346 9135 1729 693 621 0
1553363065 30101 7195 2913 5101 3774 5346 9135 1729 693 621 0
1553364118 30491 7195 2913 5101 3774 5346 9135 1729 693 621 0
1553367413 30491 7195 2913 5101 3774 5346 9135 1729 693 621 0
1553367476 30491 7195 2913 5101 3774 5346 9135 1729 693 621 0
1553433445 30609 7195 2913 5101 3774 5346 9135 1729 693 621 0
1553440843 30609 7205 2913 5101 3774 5346 9135 1729 693 621 0
1553447346 31278 7205 2913 5101 3774 5346 9135 1729 693 621 0
1553448422 31278 7205 2913 5101 3774 5346 9135 1729 693 621 0
1553453990 31279 7205 2913 5101 3774 5346 9135 1729 693 621 0
1553506958 31279 7205 2913 5101 3774 5370 9135 1729 693 621 0
1553510124 31323 7205 2913 5101 3774 5370 9135 1729 693 621 0
1553511895 31323 7209 2913 5101 3774 5370 9135 1729 693 621 0
1553514154 31323 7209 2913 5101 3774 5477 9135 1729 693 621 0
1553514187 31323 7209 2960 5101 3774 5477 9135 1729 693 621 0
1553514283 31323 7209 2960 5101 3774 5477 9135 1729 693 621 0
1553515125 31323 7209 2963 5101 3774 5477 9135 1729 693 621 0
1553515656 31323 7209 2964 5101 3774 5477 9135 1729 693 621 0
1553516393 31323 7209 2976 5101 3774 5477 9135 1729 693 621 0
1553519865 31323 7209 2976 5101 3774 6264 9135 1729 693 621 0
1553520849 31499 7209 2996 5101 3774 6264 9135 1729 693 621 0
1553520872 31499 7209 2996 5101 3774 6264 9135 1729 693 621 0
1553524003 31598 7209 2996 5101 3774 6264 9135 1729 693 621 0
1553527858 31598 7414 2996 5101 3774 6264 9135 1729 693 621 0
1553528654 31598 7414 2996 5153 3774 6264 9135 1729 693 621 0
1553536364 31598 7414 2996 5177 3774 6264 9135 1729 693 621 0
1553538371 31598 7414 2996 5180 3774 6264 9135 1729 693 621 0
1553548113 31598 7468 2996 5180 3774 6264 9135 1729 693 621 0
1553548414 31598 7479 2996 5180 3774 6264 9135 1729 693 621 0
1553548849 31598 7480 2996 5180 3774 6264 9135 1729 693 621 0
1553596910 31598 7480 2996 5183 3774 6264 9135 1729 693 621 0
1553598433 31598 7742 2996 5183 3774 6264 9135 1729 693 621 0
1553599053 31598 7749 2996 5183 3774 6264 9135 1729 693 621 0
1553600402 31598 7749 3036 5183 3774 6264 9135 1729 693 621 0
1553600463 31598 7749 3036 5183 3774 6264 9135 1729 693 621 0
1553601127 31598 7749 3038 5183 3774 6264 9135 1729 693 621 0
1553602688 31598 7749 3054 5183 3774 6264 9135 1729 693 621 0
1553604875 31598 7754 3054 5183 3774 6264 9135 1729 693 621 0
1553605542 31598 7754 3063 5183 3774 6264 9135 1729 693 621 0
1553610278 31598 7754 3063 5183 3774 6381 9135 1729 693 621 0
1553612772 31598 7754 3063 5183 3774 6398 9135 1729 693 621 0
1553613635 31598 7907 3063 5183 3774 6398 9135 1729 693 621 0
1553616061 31598 7907 3063 5188 3774 6398 9135 1729 693 621 0
1553619595 32061 7907 3063 5188 3774 6398 9135 1729 693 621 0
1553622326 32061 7907 3063 5235 3774 6398 9135 1729 693 621 0
1553625417 32061 7907 3063 5239 3774 6398 9135 1729 693 621 0
1553625581 32061 7907 3063 5240 3774 6398 9135 1729 693 621 0
1553626163 32061 7907 3063 5240 3774 6452 9135 1729 693 621 0
1553627424 32061 7907 3063 5317 3774 6452 9135 1729 693 621 0
1553628693 32061 7977 3063 5317 3774 6452 9135 1729 693 621 0
1553631347 32342 7977 3063 5317 3774 6452 9135 1729 693 621 0
1553632480 32550 7977 3063 5317 3774 6452 9135 1729 693 621 0
1553632705 32550 8049 3063 5317 3774 6452 9135 1729 693 621 0
1553634324 32550 8102 3063 5317 3774 6452 9135 1729 693 621 0
1553635908 32550 8102 3063 5317 3774 6452 9135 1729 693 621 0
1553635930 32550 8133 3063 5317 3774 6452 9135 1729 693 621 0
1553637319 32550 8134 3063 5317 3774 6452 9135 1729 693 621 0
1553638925 32574 8134 3063 5317 3774 6452 9135 1729 693 621 0
1553639470 33096 8143 3063 5317 3774 6452 9135 1729 693 621 0
1553640486 33096 8143 3063 5317 3774 6452 9135 1729 693 621 0
1553640595 33096 8143 3063 5317 3774 6452 9135 2268 693 621 0
1553640749 33118 8143 3063 5317 3774 6452 9135 2268 693 621 0
1553640767 33118 8143 3063 5317 3774 6452 9135 2268 693 621 0
1553641979 33119 8143 3063 5317 3774 6452 9135 2268 693 621 0
1553682359 33119 8143 3063 5485 3774 6452 9135 2268 693 621 0
1553685122 33234 8143 3063 5485 3774 6452 9135 2268 693 621 0
1553685715 33234 8143 3121 5485 3774 6452 9135 2268 693 621 0
1553685884 33234 8143 3150 5485 3774 6452 9135 2268 693 621 0
1553687192 33234 8143 3150 5485 3774 6664 9135 2268 693 621 0
1553687473 33234 8143 3157 5485 3774 6664 9135 2268 693 621 0
1553688354 33234 8164 3157 5485 3774 6664 9135 2268 693 621 0
1553688474 33234 8164 3157 5485 3774 6664 9135 2268 693 621 0
1553689878 33234 8190 3157 5485 3774 6664 9135 2268 693 621 0
1553689884 33234 8190 3157 5490 3774 6664 9135 2268 693 621 0
1553689894 33234 8190 3157 5490 3774 6664 9135 2268 693 621 0
1553690562 33234 8190 3157 5490 3792 6664 9135 2268 693 621 0
1553691448 33330 8190 3157 5490 3792 6664 9135 2268 693 621 0
1553691688 33330 8190 3157 5505 3792 6664 9135 2268 693 621 0
1553691739 33344 8190 3157 5505 3792 6664 9135 2268 693 621 0
1553691898 33346 8190 3157 5505 3792 6664 9135 2268 693 621 0
1553692224 33346 8190 3157 5505 3800 6664 9135 2268 693 621 0
1553692480 33346 8190 3157 5510 3800 6664 9135 2268 693 621 0
1553692487 33346 8190 3157 5510 3800 6664 9135 2268 693 621 0
1553692912 33361 8190 3157 5510 3800 6664 9135 2268 693 621 0
1553694859 33361 8190 3157 5510 3800 6754 9135 2268 693 621 0
1553695463 33361 8265 3157 5510 3800 6754 9135 2268 693 621 0
1553695666 33361 8265 3157 5510 3805 6754 9135 2268 693 621 0
1553695895 33361 8265 3157 5536 3805 6754 9135 2268 693 621 0
1553695900 33361 8265 3157 5536 3805 6754 9135 2268 693 621 0
1553696181 33361 8265 3157 5536 3805 6754 9135 2268 693 621 0
1553696383 33361 8265 3157 5537 3805 6754 9135 2268 693 621 0
1553696797 33361 8265 3224 5537 3805 6754 9135 2268 693 621 0
1553696949 33361 8265 3224 5537 3805 6754 9135 2268 693 621 0
1553697078 33361 8265 3228 5537 3805 6754 9135 2268 693 621 0
1553697136 33361 8265 3229 5537 3805 6754 9135 2268 693 621 0
1553697491 33361 8414 3229 5537 3805 6754 9135 2268 693 621 0
1553697542 33361 8414 3229 5537 3805 6754 9135 2268 693 621 0
1553697934 33361 8414 3229 5537 3805 6754 9135 2268 693 621 0
1553698345 33429 8414 3229 5537 3805 6754 9135 2268 693 621 0
1553698740 33429 8414 3229 5537 3805 6764 9135 2268 693 621 0
1553699178 33429 8414 3229 5537 3805 6764 9135 2268 693 621 0
1553702097 33429 8414 3229 5537 3805 6764 9135 2268 693 621 0
1553702779 33429 8586 3229 5537 3805 6764 9135 2268 693 621 0
1553702893 33429 8587 3229 5537 3805 6764 9135 2268 693 621 0
1553704514 33429 8611 3229 5537 3805 6764 9135 2268 693 621 0
1553706054 33429 8645 3229 5537 3805 6764 9135 2268 693 621 0
1553706058 33473 8645 3229 5537 3805 6764 9135 2268 693 621 0
1553707185 33473 8645 3229 5537 3805 6764 9135 2268 693 621 0
1553707815 33473 8645 3229 5537 3805 6764 9135 2268 693 621 0
1553708158 33473 8645 3229 5537 3805 6764 9135 2268 693 621 0
1553708556 33473 8645 3229 5537 3805 6764 9135 2268 693 621 0
1553709449 33714 8645 3229 5537 3805 6764 9135 2268 693 621 0
1553709453 33959 8749 3229 5537 3805 6764 9135 2268 693 621 0
1553713408 33993 8749 3229 5537 3805 6764 9135 2268 693 621 0
1553713751 33993 8774 3229 5537 3805 6764 9135 2268 693 621 0
1553713927 34012 8774 3229 5537 3805 7326 9135 2268 693 621 0
1553714181 34063 8774 3229 5537 3805 7330 9135 2268 693 621 0
1553714373 34063 8774 3229 5537 3805 7330 9135 2268 693 621 0
1553718075 34063 8774 3229 5537 3805 7330 9135 2268 693 621 0
1553720706 34063 8815 3229 5537 3805 7330 9135 2268 693 621 0
1553720814 34063 8815 3229 5541 3805 7330 9135 2268 693 621 0
1553720820 34063 8815 3229 5541 3805 7330 9135 2268 693 621 0
1553721154 34063 8815 3229 5545 3805 7330 9135 2268 693 621 0
1553721731 34063 8815 3229 5545 3805 7330 9135 2268 693 621 0
1553721762 34063 8815 3229 5545 3805 7330 9135 2268 693 621 0
1553722188 34063 8815 3229 5585 3805 7330 9135 2268 693 621 0
1553725249 34063 8861 3229 5585 3805 7330 9135 2268 693 621 0
1553725294 34063 8861 3229 5640 3805 7330 9135 2268 693 621 0
1553725307 34063 8861 3229 5640 3805 7330 9135 2268 693 621 0
1553726083 34063 8861 3229 5640 3805 7689 9135 2268 693 621 0
1553726287 34063 8863 3229 5640 3805 7689 9135 2268 693 621 0
1553728398 34063 8863 3229 5640 3805 7702 9135 2268 693 621 0
1553728443 34205 8863 3229 5640 3805 7702 9135 2268 693 621 0
1553731864 34506 8863 3229 5640 3805 7702 9135 2268 693 621 0
1553733010 34506 8863 3229 5640 3844 7702 9135 2268 693 621 0
1553733586 34506 8863 3229 5640 3844 7702 9135 2268 693 621 0
1553733645 34506 8863 3229 5640 3881 7702 9135 2268 693 621 0
1553769659 34506 8863 3229 5640 3881 7776 9135 2268 693 621 0
1553770556 34506 8863 3229 5640 3881 7837 9135 2268 693 621 0
1553773870 34506 8863 3229 5640 3881 7837 9135 2268 693 621 0
1553773898 34506 8863 3229 5640 3881 7888 9135 2268 693 621 0
1553773904 34506 8863 3229 5640 3881 7888 9135 2268 693 621 0
1553776419 34506 8863 3229 5647 3881 7888 9135 2268 693 621 0
1553776901 34506 8863 3229 5647 3881 7888 9135 2268 693 621 0
1553776911 34506 8863 3229 5647 3881 7888 9135 2268 693 621 0
1553777034 34506 8863 3229 5647 3881 7922 9135 2268 693 621 0
1553777449 34506 8863 3229 5647 3881 7925 9135 2268 693 621 0
1553777870 34506 8863 3229 5647 3881 7925 9135 2268 693 621 0
1553777891 34506 8863 3229 5647 3881 7925 9135 2268 693 621 0
1553779269 34506 9215 3229 5647 3881 7925 9135 2268 693 621 0
1553780526 34506 9215 3250 5647 3881 7925 9135 2268 693 621 0
1553784670 34506 9267 3250 5647 3881 7925 9135 2268 693 621 0
1553784688 34506 9267 3250 5647 3881 8546 9135 2268 693 621 0
1553785710 34642 9267 3250 5647 3881 8551 9135 2268 693 621 0
1553788351 34675 9267 3250 5647 3881 8551 9135 2268 693 621 0
1553788592 34683 9596 3250 5647 3881 8551 9135 2268 693 621 0
1553789589 34683 9596 3250 5647 3881 8551 9135 2268 693 621 0
1553789716 34702 9596 3250 5647 3881 8551 9135 2268 693 621 0
1553791005 34702 9634 3250 5647 3881 8551 9135 2268 693 621 0
1553791014 34711 9634 3250 5647 3881 8551 9135 2268 693 621 0
1553791067 34711 9634 3250 5647 3881 8551 9135 2268 693 621 0
1553791590 34711 9636 3250 5647 3881 8551 9135 2268 693 621 0
1553791869 34814 9636 3250 5647 3881 8551 9135 2268 693 621 0
1553793055 35008 9636 3250 5647 3881 8551 9135 2268 693 621 0
1553793618 35008 9666 3250 5647 3881 8551 9135 2268 693 621 0
1553794034 35015 9666 3250 5647 3881 8551 9135 2268 693 621 0
1553796999 35015 9722 3250 5647 3881 8551 9135 2268 693 621 0
1553800332 35015 9726 3250 5647 3881 8551 9135 2268 693 621 0
1553800469 35015 9727 3250 5647 3881 8551 9135 2268 693 621 0
1553801586 35015 9749 3250 5647 3881 8551 9135 2268 693 621 0
1553802166 35015 9756 3250 5647 3881 8551 9135 2268 693 621 0
1553803146 35015 9783 3250 5647 3881 8551 9135 2268 693 621 0
1553803746 35030 9783 3250 5647 3881 8551 9135 2268 693 621 0
1553804520 35030 9783 3250 5647 3881 8683 9135 2268 693 621 0
1553805239 35030 9811 3250 5647 3881 8683 9135 2268 693 621 0
1553805253 35030 9811 3250 5647 3881 8683 9135 2268 693 621 0
1553807345 35030 9811 3250 5647 3881 8957 9135 2268 693 621 0
1553807976 35030 9811 3250 5647 3881 8957 9135 2268 693 621 0
1553808035 35030 9815 3250 5647 3881 8957 9135 2268 693 621 0
1553812263 35421 9815 3250 5647 3881 8957 9135 2268 693 621 0
1553812955 35421 9815 3250 5647 3881 8957 9135 2268 693 621 0
1553816069 35421 9815 3250 5766 3881 8957 9135 2268 693 621 0
1553853875 35421 9815 3250 5766 3881 9288 9135 2268 693 621 0
1553854018 35421 9815 3250 5766 3927 9288 9135 2268 693 621 0
1553854067 35421 9821 3250 5766 3927 9288 9135 2268 693 621 0
1553854179 35421 9821 3250 5766 3927 9304 9135 2268 693 621 0
1553855391 35421 9821 3250 5800 3927 9304 9135 2268 693 621 0
1553855551 35421 9821 3250 5800 3927 9304 9135 2268 693 621 0
1553855975 35421 9821 3265 5800 3927 9304 9135 2268 693 621 0
1553855989 35421 9821 3265 5800 3927 9304 9135 2268 693 621 0
1553856250 35421 9821 3271 5800 3927 9304 9135 2268 693 621 0
1553856713 35421 9821 3271 5800 3970 9304 9135 2268 693 621 0
1553857370 35421 9821 3271 5800 3970 9304 9135 2268 693 621 0
1553858652 35459 9821 3271 5800 3970 9304 9135 2268 693 621 0
1553859218 35459 9821 3271 5800 3971 9304 9135 2268 693 621 0
1553859514 35459 9821 3271 5800 3971 9304 9135 2268 693 621 0
1553859603 35459 9821 3275 5800 3971 9304 9135 2268 693 621 0
1553859996 35459 9821 3275 5800 3999 9304 9135 2268 693 621 0
1553860006 35459 9821 3275 5800 3999 9304 9135 2268 693 621 0
1553860047 35459 9821 3275 5800 4028 9304 9135 2268 693 621 0
1553861512 35459 9821 3275 5800 4069 9304 9135 2268 693 621 0
1553861570 35459 9821 3275 5800 4070 9304 9135 2268 693 621 0
1553862005 35459 9821 3275 5919 4070 9304 9135 2268 693 621 0
1553862428 35459 9829 3275 5919 4070 9304 9135 2268 693 621 0
1553862564 35459 9829 3275 5919 4070 9307 9135 2268 693 621 0
1553864074 35507 9829 3275 5919 4070 9307 9135 2268 693 621 0
1553864200 35508 9829 3275 5919 4070 9307 9135 2268 693 621 0
1553864247 35508 9829 3275 5919 4070 9307 9135 2268 693 621 0
1553864470 35508 9829 3275 5919 4070 9307 9135 2268 693 621 0
1553865044 35508 9830 3275 5919 4070 9307 9135 2268 693 621 0
1553865092 35508 9830 3275 5919 4070 9307 9135 2268 693 621 0
1553865576 35508 9830 3276 5919 4070 9307 9135 2268 693 621 0
1553865587 35508 9830 3276 5919 4070 9307 9135 2268 693 621 0
1553865775 35508 9830 3276 5919 4070 9307 9135 2268 693 621 0
1553866661 35613 9830 3276 5919 4070 9307 9135 2268 693 621 0
1553866839 35618 9830 3276 5919 4070 9307 9135 2268 693 621 0
1553867838 35618 9888 3276 5919 4070 9307 9135 2268 693 621 0
1553868010 35618 9888 3276 5919 4070 9310 9135 2268 693 621 0
1553868022 35618 9888 3276 5919 4070 9310 9135 2268 693 621 0
1553868040 35618 9888 3279 5919 4070 9310 9135 2268 693 621 0
1553868642 35618 9888 3279 5919 4070 9310 9135 2268 693 621 0
1553869377 35618 9888 3287 5919 4070 9310 9135 2268 693 621 0
1553870238 35788 9888 3287 5919 4070 9310 9135 2268 693 621 0
1553870696 35788 9888 3287 5919 4070 9310 9135 2268 693 621 0
1553871142 35788 11458 3287 5919 4070 9310 9135 2268 693 621 0
1554814138 35791 11458 3287 5919 4070 9310 9135 2268 693 621 0
1554814559 35808 11458 3287 5919 4070 9310 9135 2268 693 621 0
1554814978 35809 11458 3287 5919 4070 9310 9135 2268 693 621 0
1554818388 35883 11458 3287 5919 4070 9310 9135 2268 693 621 0
1554830668 35884 11458 3287 5919 4070 9310 9135 2268 693 621 0
1554830995 36087 11458 3287 5919 4070 9310 9135 2268 693 621 0
1554833064 36096 11458 3287 5919 4070 9310 9135 2268 693 621 0
1554885268 36124 11458 3287 5919 4070 9310 9135 2268 693 621 0
1554887682 36130 11458 3287 5919 4070 9310 9135 2268 693 621 0
1554888512 36131 11458 3287 5919 4070 9310 9135 2268 693 621 0
1554979934 36173 11458 3287 5919 4070 9310 9135 2268 693 621 0
1554981342 36175 11458 3287 5919 4070 9310 9135 2268 693 621 0
