1547626186 1
1547809988 108
1547810063 122
1548001147 125
1548006988 124
1548253165 727
1548253673 730
1548340339 930
1548511432 1215
1548512640 1215
1548513095 1196
1548513157 1196
1548668850 1387
1548684167 1565
1548688012 1405
1548957025 1930
1549629381 2048
1549629599 2048
1549898739 3006
1549973060 3022
1549975420 3060
1549976831 3072
1549977196 3085
1549978156 3179
1549988305 3224
1549988903 4388
1549989002 4386
1549989133 4384
1550158487 4392
1550231626 4298
1550232823 4344
1550233607 4352
1550236098 4360
1550238725 4290
1550241929 5066
1550242995 6518
1550245679 5533
1550484959 5544
1550490393 5920
1550490889 6066
1550491738 6066
1550498935 6339
1550499959 6339
1550500299 6339
1550500636 6488
1550573748 6256
1550580039 6329
1550582082 6329
1550582287 6342
1550582605 6359
1550590221 7084
1550591202 7020
1550591221 7006
1550591433 7611
1550591704 7473
1550592226 7462
1550592589 7460
1550593008 7449
1550593948 7458
1550594511 7459
1550660448 8057
1550676524 7456
1550676853 7639
1550677141 7639
1550678051 7640
1550678287 7713
1550678707 8028
1550679918 8057
1550679956 8069
1550682925 8065
1550692937 8105
1550697200 8270
1550746160 8291
1550747579 8299
1550752162 8330
1550756212 8355
1550756803 8362
1550757566 8404
1550758689 8426
1550758805 8426
1550763727 8444
1550779015 8447
1550779023 8525
1550779972 8525
1550849866 8515
1551018934 8491
1551111109 8490
1551439894 8522
1551439937 9183
1551447205 9118
1551699852 9146
1551788330 9149
1551789502 9090
1551789522 9096
1551789790 9082
1551791812 9113
1551800421 9107
1551801021 9107
1551871133 9109
1551966787 9103
1551967201 8852
1551967354 8850
1551969146 8850
1551970580 9082
1551971054 9082
1552040330 9075
1552040672 9070
1552045048 9076
1552051850 9078
1552064175 9078
1552304382 9186
1552313084 9128
1552318206 9498
1552321208 9489
1552321242 9466
1552324560 9950
1552396574 10041
1552398680 10069
1552404986 9703
1552405341 10015
1552405650 10311
1552405751 10326
1552405874 10324
1552407618 10194
1552407651 9985
1552407792 9982
1552408288 9983
1552408450 9981
1552408662 9983
1552408698 9983
1552409938 9915
1552486543 9926
1552486662 9985
1552486717 9979
1552487281 9973
1552489014 9990
1552489337 10010
1552489875 10031
1552490910 10030
1552490959 10035
1552490974 10038
1552491966 10039
1552492719 10093
1552492834 10094
1552493677 10098
1552495207 10158
1552495215 10162
1552495488 10164
1552496931 10164
1552497664 10164
1552524958 10191
1552567280 10279
1552572913 10267
1552573153 10282
1552573540 10281
1552574865 10289
1552575037 10285
1552578545 10309
1552578894 10312
1552579501 10312
1552579512 10313
1552591897 10370
1552601576 10370
1552606246 10376
1552642312 10376
1552663214 10395
1552665867 10402
1552665907 10402
1552674135 10410
1552679996 10400
1552931505 10445
1552932909 10448
1552942148 10453
1552944934 10459
1552946780 10460
1553014353 10276
1553130149 10276
1553173761 10295
1553194630 10449
1553200385 10476
1553257796 10558
1553266153 10599
1553268471 10595
1553269660 10603
1553275833 10616
1553277535 10636
1553345089 10701
1553345996 10724
1553349672 10754
1553355032 10766
1553356232 10811
1553356978 10810
1553362758 10840
1553440843 10842
1553511895 10841
1553527858 10944
1553548113 10979
1553548414 10990
1553548849 10990
1553598433 11077
1553599053 11081
1553604875 11074
1553613635 11193
1553628693 11204
1553632705 11260
1553634324 11062
1553635930 11088
1553637319 11088
1553639470 11096
1553688354 11091
1553689878 11106
1553695463 11137
1553696181 13962
1553697491 14072
1553697542 14139
1553697934 14027
1553698345 14093
1553702779 14204
1553702893 14204
1553706058 14236
1553709449 14385
1553713408 14380
1553864247 15338
1553864470 15875
1553865092 17490
1553865775 17490
1553866661 17486
1553866839 15597
1553868040 15598
1553868642 15640
1553870238 15649
1553870696 15648
1553871142 17159
1554814138 17161
1554814559 17178
1554814978 17178
1554818388 17147
1554830668 17148
1554830995 17233
1554833064 17242
1554885268 17269
1554887682 17256
1554888512 17256
1554979934 17298
1554981342 17298
